local_queue,uav_queue,energy_user_pro,energy_user_off,energy_user,energy_uav,delay,weightedE,off_b,local_a,remote_c,time
0.0,0.0,0.0,0.0,0.0,0.0,0.0,0.0,0.0,0.0,0.0,34.027833223342896
8.9,0.0,15.049999999999999,2.0754092385955705,17.12540923859557,0.0,0.37083333333333335,17.12540923859557,6.1,2.8,0.0,34.027833223342896
15.1,6.1,26.137500000000003,13.029467002921105,39.16696700292111,119.9375,0.8361111111111112,40.366342002921115,9.3,2.7,5.5,34.027833223342896
17.8,9.9,50.3375,18.860519229810954,69.19801922981095,76.925,1.2041666666666668,69.96726922981095,9.8,4.3,5.8,34.027833223342896
17.3,13.9,59.9125,9.218711096204803,69.13121109620481,44.712500000000006,1.4833333333333334,69.57833609620481,9.2,5.3,6.1,34.027833223342896
15.3,17.0,64.06249999999999,1.0743961306203973,65.13689613062039,34.175,1.6847222222222222,65.47864613062039,5.2,5.5,5.8,34.027833223342896
15.5,16.4,66.7625,0.7068320004061526,67.46933200040615,32.625,1.8238095238095238,67.79558200040616,5.3,6.1,6.0,34.027833223342896
15.5,15.7,112.5,0.0,112.5,33.75,1.9208333333333336,112.8375,0.0,9.0,6.0,34.027833223342896
18.7,9.7,47.4125,12.24640693629342,59.65890693629342,38.0625,1.9703703703703703,60.03953193629342,10.8,4.3,5.7,34.027833223342896
19.1,14.8,62.5,10.869158003908348,73.36915800390835,35.9875,2.055833333333333,73.72903300390836,10.2,5.0,5.9,34.027833223342896
16.4,19.1,84.9125,0.6269481725713518,85.53944817257134,34.2,2.1378787878787877,85.88144817257134,4.8,7.3,6.0,34.027833223342896
14.9,17.9,80.725,0.38195773544605377,81.10695773544604,38.625,2.1875,81.49320773544605,3.9,6.8,6.0,34.027833223342896
18.8,15.8,44.25000000000001,14.566822328326678,58.81682232832669,36.8875,2.241025641025641,59.18569732832669,9.0,4.2,5.9,34.027833223342896
17.4,18.9,51.5625,21.318786816485417,72.88128681648541,36.3125,2.2970238095238096,73.24441181648541,8.2,4.5,6.1,34.027833223342896
18.0,21.0,87.50000000000001,0.5130377075326952,88.0130377075327,31.0375,2.3605555555555555,88.3234127075327,2.7,7.0,5.9,34.027833223342896
19.0,17.8,75.0,3.5826573110705473,78.58265731107055,33.675000000000004,2.4046875000000005,78.91940731107054,5.6,6.0,6.0,34.027833223342896
17.8,17.4,55.08749999999999,14.080809416237258,69.16830941623725,30.20000000000001,2.4357843137254904,69.47030941623726,8.9,5.1,5.8,34.027833223342896
11.5,20.5,73.1875,0.012486870120288858,73.19998687012028,41.92499999999999,2.4486111111111106,73.61923687012029,0.4,6.5,6.0,34.027833223342896
19.7,14.9,89.06250000000001,0.4441182831238153,89.50661828312383,41.4625,2.4714912280701755,89.92124328312383,4.2,7.5,5.9,34.027833223342896
20.1,13.2,75.0125,12.095456640566914,87.10795664056691,36.9375,2.486666666666667,87.47733164056692,7.9,6.1,5.7,34.027833223342896
20.8,15.4,74.3125,5.187686667809143,79.50018666780915,81.125,2.511904761904762,80.31143666780915,9.9,6.5,5.8,34.027833223342896
16.6,19.5,55.862500000000004,0.8965756905323028,56.759075690532306,70.575,2.5344696969696967,57.46482569053231,7.7,5.3,6.0,34.027833223342896
18.1,21.2,79.2875,0.525932382694278,79.81343238269427,41.3375,2.566666666666667,80.22680738269428,4.8,6.7,6.1,34.027833223342896
14.1,19.9,94.5,0.0,94.5,27.737499999999997,2.577777777777778,94.777375,0.0,8.4,5.9,34.027833223342896
15.8,14.0,49.65,4.550554248565837,54.20055424856584,27.737499999999997,2.574,54.477929248565836,9.2,4.8,5.9,34.027833223342896
10.8,17.3,75.8125,0.1873216019032987,75.99982160190329,32.012499999999996,2.565064102564102,76.3199466019033,2.0,6.5,5.9,34.027833223342896
14.2,13.4,62.6,0.8551972624733031,63.455197262473305,34.949999999999996,2.555246913580247,63.804697262473304,4.1,5.2,6.0,34.027833223342896
15.1,11.5,47.5,6.764844052162491,54.26484405216249,36.275,2.5431547619047614,54.627594052162486,8.5,5.0,5.8,34.027833223342896
12.2,14.2,107.19999999999999,0.0,107.19999999999999,54.1375,2.5313218390804595,107.74137499999999,0.0,9.2,5.9,34.027833223342896
13.9,8.3,62.5125,3.954491424993958,66.46699142499396,69.5875,2.5086111111111107,67.16286642499396,8.0,5.1,5.3,34.027833223342896
13.7,11.0,63.375,1.1095909989176391,64.48459099891764,82.7125,2.4940860215053764,65.31171599891763,4.7,6.0,5.9,34.027833223342896
12.9,9.8,51.1375,1.3882495018036871,52.52574950180369,56.462500000000006,2.475260416666667,53.09037450180369,5.6,4.7,5.9,34.027833223342896
13.6,9.5,52.712500000000006,0.6937374853127996,53.40623748531281,50.16250000000001,2.4585858585858587,53.907862485312805,5.2,4.7,5.9,34.027833223342896
16.8,8.8,45.925000000000004,11.817221949957192,57.7422219499572,52.787499999999994,2.449019607843137,58.2700969499572,10.6,4.4,5.9,34.027833223342896
15.9,13.5,87.8375,0.49459122070280226,88.33209122070281,43.50000000000001,2.449047619047619,88.76709122070281,4.8,7.3,6.0,34.027833223342896
13.3,12.3,90.51249999999999,0.5363866356720226,91.048886635672,40.49999999999999,2.4402777777777778,91.453886635672,2.7,7.7,6.0,34.027833223342896
15.7,9.0,63.4,1.4620527933198477,64.86205279331985,54.337500000000006,2.429954954954955,65.40542779331984,8.6,5.6,5.7,34.027833223342896
15.1,11.9,37.5,15.588766764338791,53.08876676433879,93.81250000000001,2.425219298245614,54.02689176433879,8.6,3.0,5.9,34.027833223342896
19.6,14.6,75.0,5.707412793910018,80.70741279391002,39.599999999999994,2.436111111111111,81.10341279391002,9.9,6.0,6.0,34.027833223342896
16.1,18.5,109.11249999999998,0.0,109.11249999999998,40.275000000000006,2.4472916666666666,109.51524999999998,0.0,8.9,6.0,34.027833223342896
18.6,12.5,54.28750000000001,5.2548294320723095,59.54232943207232,49.5,2.450813008130081,60.03732943207232,7.9,4.7,6.0,34.027833223342896
19.6,14.4,50.0125,20.258340742937676,70.27084074293768,50.112500000000004,2.4599206349206346,70.77196574293768,9.4,4.1,6.1,34.027833223342896
16.2,17.7,64.49999999999999,1.032527376055951,65.53252737605594,34.55,2.468410852713178,65.87802737605594,7.4,6.0,5.8,34.027833223342896
13.4,19.3,78.50000000000001,0.16374234794440873,78.66374234794442,43.65000000000001,2.474242424242424,79.10024234794442,2.3,7.0,6.0,34.027833223342896
14.7,15.6,87.125,0.10312182379930718,87.22812182379931,40.6625,2.4753703703703707,87.63474682379932,2.7,7.6,6.1,34.027833223342896
15.3,12.2,58.3,5.21817861161988,63.518178611619874,57.2125,2.4713768115942027,64.09030361161987,8.0,5.6,5.9,34.027833223342896
9.1,14.3,38.13749999999999,0.36413251324851564,38.5016325132485,65.9125,2.460283687943263,39.160757513248505,3.8,4.5,5.9,34.027833223342896
11.1,12.2,31.625000000000004,2.7933304905450704,34.418330490545074,51.375000000000014,2.4494791666666664,34.932080490545076,6.3,4.0,6.0,34.027833223342896
15.0,12.5,77.3625,0.27574444767315515,77.63824444767316,46.13750000000001,2.446258503401361,78.09961944767316,4.2,6.9,6.1,34.027833223342896
13.9,10.6,62.162499999999994,2.525884419907127,64.68838441990712,58.05,2.4381666666666666,65.26888441990712,5.2,5.9,6.0,34.027833223342896
12.2,9.8,42.925000000000004,8.06916983568472,50.99416983568472,70.53750000000001,2.426307189542484,51.69954483568472,7.1,4.4,5.7,34.027833223342896
12.9,11.2,50.3375,2.483171560359095,52.820671560359095,77.61250000000001,2.418269230769231,53.596796560359095,6.8,4.3,5.9,34.027833223342896
13.7,12.1,65.51249999999999,2.344016671719924,67.85651667171992,33.4375,2.4132075471698116,68.19089167171991,3.6,5.7,5.9,34.027833223342896
16.4,9.8,62.8375,5.230953619215028,68.06845361921502,33.2,2.4089506172839505,68.40045361921501,8.7,5.3,5.8,34.027833223342896
15.7,12.7,73.16250000000001,0.3908516128082906,73.5533516128083,41.5375,2.4081818181818178,73.9687266128083,5.0,6.9,5.9,34.027833223342896
15.0,11.8,81.73750000000001,0.27745879971678794,82.0149587997168,58.05,2.405059523809524,82.5954587997168,5.1,7.1,6.0,34.027833223342896
15.2,10.9,37.5,29.156439561645907,66.65643956164591,49.425000000000004,2.401023391812865,67.1506895616459,10.6,3.0,6.0,34.027833223342896
7.6,15.5,66.6625,0.004571328864712605,66.66707132886471,43.87500000000001,2.3928160919540225,67.1058213288647,0.3,6.5,6.0,34.027833223342896
9.5,9.8,60.425,0.05570530912361799,60.480705309123614,43.4125,2.3795197740112997,60.914830309123616,1.6,6.4,5.9,34.027833223342896
11.4,5.5,43.35,7.23483929170623,50.58483929170623,49.5875,2.3633333333333333,51.08071429170623,5.3,4.2,4.9,34.027833223342896
15.1,5.9,43.225,12.293909438038023,55.51890943803802,150.28750000000002,2.35327868852459,57.021784438038026,9.9,3.8,5.3,34.027833223342896
13.7,10.5,80.85,0.09060761366711491,80.94060761366711,54.7125,2.3478494623655912,81.4877326136671,3.1,7.2,5.7,34.027833223342896
17.1,7.9,50.9,12.836422363063154,63.736422363063156,66.01249999999999,2.343650793650794,64.39654736306315,9.9,4.6,6.1,34.027833223342896
17.5,11.7,62.8375,5.430169264167629,68.26766926416762,54.2,2.345052083333333,68.80966926416762,8.1,5.3,5.8,34.027833223342896
17.1,14.0,69.48749999999998,1.4488326827478943,70.93633268274787,36.675000000000004,2.348846153846154,71.30308268274787,8.5,6.3,6.0,34.027833223342896
10.4,16.5,39.49999999999999,2.2506141202138195,41.75061412021381,42.612500000000004,2.3472222222222223,42.17673912021381,4.5,4.0,6.1,34.027833223342896
11.7,14.9,47.74999999999999,0.7213403604044112,48.471340360404405,46.83749999999999,2.3452736318407963,48.939715360404406,4.7,4.6,5.7,34.027833223342896
12.3,13.9,62.17500000000001,0.0765620694291722,62.251562069429184,41.93749999999999,2.342892156862745,62.670937069429186,2.1,6.6,6.1,34.027833223342896
14.7,9.9,39.975,4.448686376930304,44.423686376930306,46.6875,2.338647342995169,44.89056137693031,9.8,4.2,5.7,34.027833223342896
10.1,14.0,54.9625,0.06502128618620107,55.0275212861862,63.150000000000006,2.3339285714285714,55.6590212861862,2.9,5.3,6.0,34.027833223342896
13.0,10.9,38.3,5.6937022099980465,43.99370220999804,68.9375,2.3291079812206577,44.68307720999804,6.6,3.4,6.1,34.027833223342896
12.4,11.4,48.974999999999994,2.289923823772583,51.26492382377258,35.7625,2.324305555555555,51.622548823772576,5.6,4.8,5.9,34.027833223342896
12.2,11.1,64.375,0.968158966351144,65.34315896635114,52.800000000000004,2.319063926940639,65.87115896635115,4.1,6.2,6.0,34.027833223342896
10.8,9.2,44.800000000000004,0.4348426373611459,45.23484263736115,48.68750000000001,2.3102477477477477,45.721717637361145,3.9,5.0,5.5,34.027833223342896
17.0,7.6,50.30000000000001,4.428967167527731,54.72896716752774,70.5375,2.3067777777777776,55.43434216752774,9.5,4.6,5.7,34.027833223342896
16.0,11.4,62.5,4.955306630438104,67.4553066304381,59.849999999999994,2.306469298245614,68.0538066304381,7.9,5.0,6.0,34.027833223342896
14.2,13.3,53.4375,0.3336240649732887,53.771124064973286,38.9125,2.3062770562770565,54.160249064973286,5.8,5.7,5.9,34.027833223342896
15.7,13.2,65.51249999999999,1.2242621447279647,66.73676214472795,42.8125,2.30758547008547,67.16488714472794,6.9,5.7,5.9,34.027833223342896
16.6,14.2,52.7,2.8920428390306254,55.592042839030626,41.62500000000001,2.3108649789029534,56.008292839030624,7.5,4.6,6.0,34.027833223342896
13.4,15.7,61.70000000000001,0.4851498305233825,62.18514983052339,35.537499999999994,2.312291666666667,62.540524830523395,4.4,6.4,5.9,34.027833223342896
13.3,14.2,53.112500000000004,8.290205123130685,61.40270512313069,42.75000000000001,2.3120370370370367,61.83020512313069,4.9,4.9,6.0,34.027833223342896
12.9,13.1,84.12499999999999,0.5523575320130653,84.67735753201305,39.35,2.3102642276422767,85.07085753201305,4.0,7.0,5.8,34.027833223342896
11.1,11.3,50.89999999999999,1.9801860258637396,52.88018602586373,45.81250000000001,2.304919678714859,53.33831102586373,4.7,4.6,5.9,34.027833223342896
10.4,10.1,67.68750000000001,0.3392114262947562,68.02671142629477,52.075,2.2978174603174604,68.54746142629477,3.3,6.3,5.6,34.027833223342896
15.0,7.8,57.862500000000004,2.205550137600952,60.068050137600956,69.2125,2.2931372549019606,60.76017513760095,5.4,6.3,5.9,34.027833223342896
16.6,7.3,60.68749999999999,10.3494872832532,71.0369872832532,119.67500000000001,2.2896317829457358,72.23373728325319,9.0,5.5,5.2,34.027833223342896
12.1,11.1,29.275000000000002,4.464877836279314,33.73987783627932,94.06250000000001,2.285536398467433,34.68050283627932,8.1,3.2,6.1,34.027833223342896
13.6,13.1,65.5375,0.3734347275322899,65.91093472753228,49.5625,2.284848484848485,66.40655972753228,4.9,5.9,5.9,34.027833223342896
14.6,12.1,75.89999999999999,0.27999068417513717,76.17999068417512,35.087500000000006,2.2841760299625467,76.53086568417513,4.2,6.6,5.9,34.027833223342896
18.7,10.4,65.5125,4.383550383990736,69.89605038399074,51.6625,2.285740740740741,70.41267538399075,10.4,5.7,5.9,34.027833223342896
11.2,14.9,84.2125,0.022865065994078764,84.23536506599409,49.1875,2.2845238095238094,84.72724006599408,1.2,7.1,5.9,34.027833223342896
10.7,10.2,80.5125,0.0,80.5125,36.050000000000004,2.2786231884057973,80.873,0.0,7.5,5.8,34.027833223342896
13.9,4.4,29.287499999999998,9.027528443280692,38.31502844328069,50.425000000000004,2.270519713261649,38.81927844328069,9.2,3.3,4.4,34.027833223342896
10.0,9.2,55.86250000000001,0.12745266866044783,55.98995266866046,195.73749999999998,2.263386524822695,57.947327668660456,3.3,5.3,5.9,34.027833223342896
11.6,6.6,51.712500000000006,0.9736132750165257,52.68611327501653,72.775,2.2555263157894734,53.41386327501653,5.9,5.1,5.6,34.027833223342896
13.5,6.9,61.81249999999999,0.7007115941441403,62.51321159414413,98.36250000000001,2.2497395833333336,63.496836594144135,6.2,5.5,5.1,34.027833223342896
14.4,8.0,65.2,3.3576800550636055,68.55768005506361,69.27499999999999,2.2457903780068724,69.25043005506362,5.3,5.6,5.8,34.027833223342896
14.5,7.5,44.4875,1.3839119778630107,45.871411977863005,64.60000000000001,2.2415816326530615,46.517411977863006,6.6,4.9,5.6,34.027833223342896
12.4,8.5,46.70000000000001,0.716000063347242,47.416000063347255,117.35000000000002,2.236531986531987,48.58950006334725,6.3,4.6,5.8,34.027833223342896
11.1,9.0,43.36250000000001,1.0113298067464103,44.37382980674642,55.18750000000001,2.230916666666667,44.925704806746424,5.2,4.3,5.9,34.027833223342896
15.1,8.3,38.387499999999996,10.031242879523026,48.41874287952302,35.9375,2.228135313531353,48.77811787952302,9.4,4.1,5.5,34.027833223342896
11.9,12.2,55.5875,0.37365901530639334,55.96115901530639,60.187500000000014,2.225980392156863,56.56303401530639,5.1,6.1,5.7,34.027833223342896
15.0,11.6,51.57499999999999,3.801746150800836,55.37674615080083,63.81250000000001,2.2258899676375403,56.01487115080083,6.3,4.6,5.9,34.027833223342896
18.9,12.0,66.7875,2.6378771706073287,69.42537717060732,42.3125,2.229246794871795,69.84850217060732,9.1,5.7,6.1,34.027833223342896
20.9,15.0,62.5,22.666498651842122,85.16649865184212,45.2125,2.2365079365079366,85.61862365184211,12.1,5.0,5.9,34.027833223342896
16.2,21.2,103.49999999999999,0.0,103.49999999999999,39.012499999999996,2.244811320754717,103.89012499999998,0.0,9.0,6.1,34.027833223342896
20.0,15.1,99.99999999999997,1.661859266854976,101.66185926685495,39.824999999999996,2.2511682242990654,102.06010926685495,6.1,8.0,6.0,34.027833223342896
17.3,15.2,68.9,5.247438043565381,74.14743804356539,48.737500000000004,2.255401234567901,74.63481304356539,9.5,5.8,5.9,34.027833223342896
15.7,18.8,87.8375,0.12028235039882808,87.95778235039883,39.05,2.261085626911315,88.34828235039883,3.8,7.3,5.8,34.027833223342896
10.5,16.8,69.15,0.014508064639122317,69.16450806463912,37.112500000000004,2.2612121212121212,69.53563306463913,0.9,6.6,5.9,34.027833223342896
12.4,11.8,44.2375,6.4811207640117825,50.71862076401178,35.18750000000001,2.2590090090090094,51.07049576401178,6.9,4.1,6.1,34.027833223342896
12.8,12.6,54.28750000000001,1.5111029700713527,55.798602970071364,47.85,2.2577380952380954,56.27710297007136,4.8,4.7,6.0,34.027833223342896
18.6,11.4,51.5625,27.690118899249306,79.25261889924931,34.8625,2.259882005899705,79.60124389924931,11.6,4.5,5.9,34.027833223342896
14.4,17.1,64.825,1.2052239573331573,66.03022395733316,43.2875,2.2630847953216375,66.46309895733316,6.1,6.2,6.1,34.027833223342896
11.6,17.1,64.53750000000001,0.06178671546425933,64.59928671546427,31.199999999999992,2.2642028985507245,64.91128671546427,3.5,6.3,6.0,34.027833223342896
14.6,14.6,73.52499999999999,0.7798586508159407,74.30485865081593,30.4625,2.26566091954023,74.60948365081593,5.4,6.8,6.1,34.027833223342896
16.8,13.9,60.68749999999999,2.516133137055071,63.203633137055064,39.4375,2.268162393162393,63.59800813705506,7.6,5.5,5.9,34.027833223342896
15.9,15.6,53.037499999999994,10.192125405854938,63.22962540585493,39.67500000000001,2.2711864406779663,63.62637540585493,7.6,4.9,6.0,34.027833223342896
14.8,17.2,89.86249999999998,0.09798627841900781,89.960486278419,34.7125,2.2745098039215685,90.307611278419,1.6,7.9,5.9,34.027833223342896
16.6,12.9,103.01249999999999,0.23889355741083831,103.25139355741082,34.7875,2.276041666666667,103.59926855741082,3.5,8.7,5.9,34.027833223342896
12.8,10.5,47.75,2.2523509189541175,50.002350918954114,56.67500000000002,2.2732782369146003,50.56910091895411,6.5,4.6,5.8,34.027833223342896
11.7,11.2,19.4875,12.298881500592156,31.786381500592157,84.7375,2.2702868852459015,32.633756500592156,8.6,2.3,5.9,34.027833223342896
9.4,13.9,39.987500000000004,0.18022131942898295,40.167721319428985,36.1375,2.2676151761517613,40.52909631942899,3.0,4.3,5.9,34.027833223342896
13.0,11.0,34.575,5.27500898552841,39.85000898552841,31.287500000000005,2.265456989247312,40.16288398552841,7.4,3.6,6.1,34.027833223342896
16.7,12.3,52.3625,2.3800263438744853,54.74252634387448,42.612500000000004,2.2666666666666666,55.16865134387448,9.4,4.9,6.1,34.027833223342896
15.8,15.6,75.33749999999999,2.4909059782897027,77.8284059782897,40.8875,2.269444444444445,78.23728097828969,6.8,6.3,6.1,34.027833223342896
13.0,16.3,106.39999999999998,0.0391119488685248,106.4391119488685,39.075,2.2708005249343834,106.8298619488685,1.1,8.8,6.0,34.027833223342896
14.8,11.4,54.28750000000001,1.7908802029936803,56.07838020299369,34.2,2.2701171875,56.42038020299369,6.3,4.7,6.0,34.027833223342896
16.5,11.7,49.412499999999994,7.954516576036554,57.36701657603655,47.012499999999996,2.270736434108527,57.83714157603655,8.7,4.7,5.9,34.027833223342896
17.2,14.5,63.375,5.370041220607969,68.74504122060797,44.550000000000004,2.2735897435897434,69.19054122060797,7.1,6.0,6.0,34.027833223342896
16.1,15.6,81.39999999999999,3.2536784494443087,84.6536784494443,37.550000000000004,2.276399491094147,85.0291784494443,5.2,6.8,5.8,34.027833223342896
16.2,15.0,62.2375,2.7941123843448543,65.03161238434485,38.39999999999999,2.27885101010101,65.41561238434485,8.6,5.9,6.0,34.027833223342896
11.8,17.6,101.13749999999999,0.0,101.13749999999999,43.862500000000004,2.280137844611529,101.57612499999999,0.0,8.7,5.9,34.027833223342896
10.2,11.7,61.68750000000001,0.0708005934951568,61.758300593495164,63.3625,2.2767412935323383,62.391925593495166,1.6,6.3,5.9,34.027833223342896
13.6,7.4,40.5125,13.777500309404545,54.29000030940455,61.9625,2.272839506172839,54.90962530940455,9.0,3.7,5.5,34.027833223342896
15.2,10.9,61.0125,0.7636146884145506,61.77611468841455,46.775,2.272120098039216,62.243864688414554,5.6,5.7,5.8,34.027833223342896
16.4,10.7,75.0,2.689954751611576,77.68995475161158,38.3875,2.2720194647201946,78.07382975161158,5.9,6.0,5.9,34.027833223342896
16.7,10.7,37.5125,15.792823998213423,53.305323998213424,52.949999999999996,2.2721014492753624,53.83482399821342,11.0,3.1,6.0,34.027833223342896
16.1,15.7,63.6375,1.957227461903891,65.5947274619039,43.05,2.274820143884892,66.0252274619039,7.2,5.7,6.0,34.027833223342896
14.3,16.9,90.51249999999999,0.3959638547601113,90.9084638547601,36.6625,2.277142857142857,91.2750888547601,2.9,7.7,5.9,34.027833223342896
13.7,13.9,55.525,0.41749470249779475,55.9424947024978,32.31250000000001,2.277304964539007,56.265619702497794,5.2,5.6,5.9,34.027833223342896
14.3,13.2,87.59999999999998,0.4094353956408264,88.0094353956408,37.712500000000006,2.2774061032863857,88.38656039564081,4.9,7.2,5.9,34.027833223342896
17.3,12.2,62.5,3.676960090406318,66.17696009040631,61.56250000000001,2.2786713286713285,66.7925850904063,8.4,5.0,5.9,34.027833223342896
17.3,14.7,91.7875,0.5449416121877237,92.33244161218772,35.849999999999994,2.281365740740741,92.69094161218773,4.5,7.7,6.0,34.027833223342896
17.5,13.2,64.4,3.8353220415175096,68.23532204151752,33.525000000000006,2.2832758620689653,68.57057204151752,8.3,5.8,6.0,34.027833223342896
15.5,15.5,69.81250000000001,1.729230905807294,71.54173090580731,47.07500000000001,2.2853310502283106,72.01248090580731,7.0,6.5,5.8,34.027833223342896
12.8,16.7,69.7,0.08273938529779386,69.7827393852978,58.65,2.2865079365079364,70.3692393852978,2.6,6.2,6.0,34.027833223342896
13.0,13.3,37.712500000000006,0.7926915397432069,38.505191539743215,41.91250000000001,2.2858671171171174,38.92431653974322,7.5,3.5,5.9,34.027833223342896
10.3,14.9,57.43749999999999,0.044926929723775176,57.482426929723765,35.875,2.2846196868008946,57.841176929723765,1.6,5.9,6.2,34.027833223342896
17.5,10.3,47.425,17.175152002012013,64.60015200201201,35.5375,2.2848333333333333,64.955527002012,10.6,4.4,5.9,34.027833223342896
15.2,15.0,62.1375,0.20220727406646344,62.33970727406647,50.150000000000006,2.2863686534216336,62.84120727406647,5.8,6.3,5.8,34.027833223342896
18.6,15.0,57.2,2.4001162878279114,59.600116287827916,53.862500000000004,2.2897478070175437,60.13874128782792,7.8,5.2,6.1,34.027833223342896
21.8,16.7,75.3375,11.905226875556925,87.24272687555693,40.05,2.2957516339869275,87.64322687555692,9.7,6.3,6.0,34.027833223342896
19.1,20.4,64.06249999999999,2.1376774374269916,66.20017743742697,47.93750000000001,2.3022186147186146,66.67955243742698,8.4,5.5,6.1,34.027833223342896
14.3,22.7,42.22500000000001,4.763408153362663,46.98840815336267,32.4125,2.307258064516129,47.31253315336267,7.8,4.8,6.1,34.027833223342896
12.6,24.4,60.775,0.02344155398234666,60.79844155398234,30.9625,2.312232905982906,61.10806655398234,3.2,6.2,5.9,34.027833223342896
15.6,21.7,94.0,0.053128822780859196,94.05312882278086,31.125000000000004,2.3173036093418258,94.36437882278086,3.3,8.0,6.0,34.027833223342896
18.1,19.0,77.8,0.5636833313147307,78.36368333131473,36.587500000000006,2.322204641350211,78.72955833131473,4.9,6.8,5.9,34.027833223342896
13.8,18.0,84.11249999999998,0.10908731849063158,84.22158731849062,35.762499999999996,2.324266247379455,84.57921231849062,1.8,7.5,5.9,34.027833223342896
13.6,13.9,57.97500000000001,0.21602976223861736,58.19102976223863,43.3375,2.3240624999999997,58.624404762238626,4.3,6.0,5.9,34.027833223342896
16.5,12.3,67.5875,2.2123793520749024,69.79987935207491,44.68750000000001,2.324534161490683,70.24675435207492,8.1,6.1,5.9,34.027833223342896
12.0,14.5,16.912499999999998,6.992975116646134,23.90547511664613,62.4625,2.3238168724279835,24.530100116646132,9.7,2.1,5.9,34.027833223342896
10.5,18.3,58.43750000000001,0.05868560180398942,58.496185601803994,31.65,2.3242842535787323,58.81268560180399,1.9,6.1,6.0,34.027833223342896
16.3,14.2,87.6,0.38995530400096734,87.98995530400096,36.0,2.3256097560975606,88.34995530400096,4.9,7.2,6.0,34.027833223342896
18.1,13.1,60.68749999999999,11.144245173857692,71.83174517385768,42.975,2.327272727272727,72.26149517385768,9.5,5.5,6.0,34.027833223342896
13.8,16.6,73.975,0.40679176649846716,74.38179176649847,40.50000000000001,2.3285140562248996,74.78679176649847,5.0,6.8,6.0,34.027833223342896
11.9,15.6,58.55000000000001,1.062351368779714,59.61235136877973,32.85,2.328293413173653,59.940851368779725,4.3,5.8,6.0,34.027833223342896
10.8,13.9,58.75,0.07565986625356647,58.82565986625357,39.28750000000001,2.326686507936508,59.21853486625356,1.8,6.2,5.9,34.027833223342896
15.8,9.8,75.9,0.7945042942577727,76.69450429425778,45.725,2.3255424063116372,77.15175429425778,6.7,6.6,5.8,34.027833223342896
13.7,10.7,59.10000000000001,1.377481461835681,60.47748146183569,62.74999999999999,2.3238235294117646,61.104981461835685,6.4,5.4,5.8,34.027833223342896
15.0,11.3,53.349999999999994,3.7901388920663663,57.14013889206636,39.587500000000006,2.3230506822612087,57.53601389206636,8.0,5.0,5.9,34.027833223342896
14.3,13.4,46.300000000000004,1.351023809214614,47.65102380921462,36.4375,2.3229651162790694,48.015398809214624,6.8,5.0,5.9,34.027833223342896
15.5,14.3,77.7,0.2851759683574945,77.9851759683575,36.449999999999996,2.323892100192678,78.3496759683575,5.5,6.6,6.0,34.027833223342896
15.2,13.8,87.5125,0.3117844901500816,87.82428449015008,34.887499999999996,2.3244252873563225,88.17315949015008,3.5,7.1,6.1,34.027833223342896
17.4,11.2,50.3375,4.394088342918902,54.7315883429189,58.70000000000001,2.3247619047619046,55.3185883429189,7.9,4.3,5.8,34.027833223342896
18.0,13.3,48.75,2.0478266326295573,50.79782663262956,44.5375,2.326373106060606,51.24320163262956,9.2,5.4,5.9,34.027833223342896
14.2,16.6,58.65,0.7680838788872213,59.41808387888722,48.162499999999994,2.327730696798493,59.89970887888722,6.0,6.0,6.1,34.027833223342896
13.9,16.5,45.050000000000004,0.6222257424100849,45.67222574241009,58.96249999999999,2.328885767790262,46.26185074241009,7.0,4.6,6.1,34.027833223342896
14.6,17.4,53.2625,0.7664691659520086,54.02896916595201,45.3,2.3307728119180635,54.481969165952016,5.6,5.5,6.0,34.027833223342896
10.1,17.0,59.63750000000001,0.7720863732504835,60.40958637325049,32.925,2.33037037037037,60.73883637325049,3.0,6.1,6.0,34.027833223342896
13.4,14.0,41.9,4.119007486378318,46.019007486378314,37.9375,2.330110497237569,46.39838248637832,7.9,4.0,5.9,34.027833223342896
17.2,16.0,93.9,0.3601811938217223,94.26018119382172,38.325,2.3325091575091577,94.64343119382173,4.2,7.8,6.0,34.027833223342896
17.9,14.2,54.387499999999996,10.610847142767765,64.99834714276776,36.1375,2.3343806921675774,65.35972214276775,10.4,4.9,5.9,34.027833223342896
14.5,18.7,56.837500000000006,0.508520326864508,57.34602032686451,42.837500000000006,2.336730072463768,57.774395326864514,6.4,5.3,6.1,34.027833223342896
10.5,19.0,69.81250000000001,0.0,69.81250000000001,32.475,2.3373873873873876,70.13725000000001,0.0,6.5,6.0,34.027833223342896
14.8,13.0,63.4,5.420452283491307,68.8204522834913,35.85,2.3372759856630823,69.17895228349131,5.8,5.6,6.0,34.027833223342896
16.8,12.8,48.75000000000001,1.0623299832657456,49.812329983265755,47.387499999999996,2.337967914438503,50.286204983265755,7.8,5.4,5.9,34.027833223342896
17.3,14.7,30.862499999999997,20.669155272289057,51.53165527228906,60.06250000000001,2.339716312056738,52.13228027228906,12.5,3.3,5.9,34.027833223342896
14.3,21.3,79.62499999999999,0.08469811768188724,79.70969811768187,45.00000000000001,2.343033509700176,80.15969811768187,2.7,7.0,6.0,34.027833223342896
18.4,18.0,75.0125,6.643798499203425,81.65629849920343,40.2125,2.3466666666666667,82.05842349920343,7.6,6.1,6.1,34.027833223342896
14.5,19.5,56.962500000000006,0.6981837137040712,57.660683713704074,39.962500000000006,2.3492146596858636,58.060308713704075,6.4,5.7,5.9,34.027833223342896
19.2,20.0,62.5,19.146431529716686,81.6464315297167,46.425,2.353993055555556,82.1106815297167,9.8,5.0,6.0,34.027833223342896
18.3,23.8,65.5125,3.3326948763158106,68.84519487631582,30.7375,2.3599740932642486,69.15256987631581,8.3,5.7,5.9,34.027833223342896
18.6,26.2,100.0,0.46598511491510347,100.4659851149151,29.175,2.367053264604811,100.75773511491509,5.3,8.0,6.0,34.027833223342896
21.4,25.5,99.99999999999997,0.5224356599529291,100.5224356599529,26.974999999999998,2.374957264957265,100.7921856599529,5.2,8.0,5.8,34.027833223342896
18.6,24.9,121.61249999999997,0.0,121.61249999999997,31.6,2.3813350340136052,121.92849999999997,0.0,9.9,6.2,34.027833223342896
20.6,18.7,68.9,12.193533377991985,81.09353337799199,29.3875,2.385871404399323,81.38740837799199,11.9,5.8,5.9,34.027833223342896
14.4,24.7,86.0125,0.05823882353375009,86.07073882353376,35.912499999999994,2.390277777777778,86.42986382353376,2.2,7.7,5.9,34.027833223342896
13.2,21.0,55.300000000000004,0.8550597520035715,56.155059752003574,36.8875,2.3925879396984926,56.523934752003576,5.8,5.6,5.9,34.027833223342896
12.7,20.9,65.7375,0.13534643570415275,65.87284643570415,39.87499999999999,2.3946250000000004,66.27159643570415,2.2,6.3,5.8,34.027833223342896
15.4,17.3,100.01249999999999,0.020987344764992474,100.03348734476498,40.56250000000001,2.3962686567164178,100.43911234476498,1.5,8.1,5.9,34.027833223342896
15.7,12.9,76.5625,4.766294103554739,81.32879410355474,38.474999999999994,2.396204620462046,81.71354410355474,7.5,6.5,6.0,34.027833223342896
11.2,14.4,56.2,1.485586681869307,57.68558668186931,52.4375,2.3949096880131364,58.20996168186931,4.2,5.6,6.1,34.027833223342896
9.4,12.5,64.97500000000001,0.057956865876226706,65.03295686587623,47.925000000000004,2.3921160130718957,65.51220686587622,2.1,6.8,6.0,34.027833223342896
10.4,8.6,42.2,0.21614951048028078,42.41614951048028,66.69999999999999,2.388170731707317,43.08314951048028,4.1,4.6,5.6,34.027833223342896
15.6,7.1,33.762499999999996,11.593698962479303,45.3561989624793,100.0,2.3857605177993526,46.3561989624793,10.3,3.7,5.6,34.027833223342896
13.9,11.8,42.6625,3.6771112191145274,46.33961121911453,62.67499999999999,2.3845813204508852,46.96636121911453,9.0,4.7,5.8,34.027833223342896
13.3,15.0,90.21249999999999,0.06311578018669334,90.27561578018668,38.5375,2.3844551282051283,90.66099078018668,1.9,7.7,5.9,34.027833223342896
19.1,11.0,75.0,1.7892755716278395,76.78927557162784,42.4625,2.3850478468899525,77.21390057162785,8.6,6.0,6.1,34.027833223342896
18.7,13.5,63.30000000000001,2.750002174631065,66.05000217463108,40.5875,2.386468253968254,66.45587717463107,8.2,5.4,6.1,34.027833223342896
11.3,15.6,61.925,0.09490100101495896,62.01990100101496,38.125,2.3857819905213264,62.40115100101496,3.1,5.8,6.2,34.027833223342896
14.6,12.5,29.262500000000003,4.73935586309364,34.001855863093645,34.887499999999996,2.3851808176100624,34.350730863093645,9.5,3.7,6.1,34.027833223342896
11.4,15.9,71.15,0.099275683732069,71.24927568373208,38.387499999999996,2.384663536776213,71.63315068373208,1.5,7.0,5.9,34.027833223342896
17.7,11.5,60.0125,0.5385784593805895,60.55107845938059,48.7375,2.3848909657320876,61.03845345938059,6.9,5.5,5.9,34.027833223342896
18.7,12.5,65.2,3.762635241923673,68.96263524192368,53.31250000000001,2.385891472868217,69.49576024192368,9.3,5.6,5.9,34.027833223342896
15.6,15.9,39.2,16.24937454072645,55.44937454072645,37.3375,2.3869984567901237,55.822749540726456,8.6,4.0,5.9,34.027833223342896
11.7,18.6,68.45,0.2837395121751028,68.7337395121751,32.925,2.38763440860215,69.06298951217511,2.6,6.4,6.0,34.027833223342896
11.8,15.2,60.00000000000001,0.32613347052973163,60.32613347052974,34.3625,2.3870030581039754,60.66975847052974,4.4,6.0,6.1,34.027833223342896
13.1,13.5,40.637499999999996,1.3222315996850735,41.95973159968507,37.93750000000001,2.3862252663622523,42.339106599685074,6.8,4.1,5.9,34.027833223342896
16.0,14.4,68.68750000000001,0.8637464762667189,69.55124647626673,30.825000000000003,2.3868939393939392,69.85949647626673,6.0,6.5,6.0,34.027833223342896
18.7,14.4,81.39999999999999,5.936719924597838,87.33671992459783,41.699999999999996,2.388574660633484,87.75371992459783,7.0,6.8,6.0,34.027833223342896
19.6,15.4,75.0125,6.2073648691194565,81.21986486911946,49.300000000000004,2.390953453453453,81.71286486911946,7.7,6.1,6.2,34.027833223342896
16.2,16.9,75.9,0.43853500523169947,76.3385350052317,43.87500000000001,2.392600896860986,76.7772850052317,6.0,6.6,6.0,34.027833223342896
15.7,16.9,84.2125,0.11856111861550182,84.33106111861551,33.675000000000004,2.394047619047619,84.6678111186155,6.1,7.1,6.0,34.027833223342896
11.6,17.0,40.237500000000004,0.6437147440636426,40.88121474406365,45.2375,2.3939999999999997,41.333589744063644,6.4,4.5,6.1,34.027833223342896
16.2,17.3,63.3,0.9274608376400123,64.22746083764001,33.975,2.395759587020649,64.56721083764,6.7,5.4,6.0,34.027833223342896
11.2,18.0,75.91250000000001,0.10088368667261768,76.01338368667263,32.625,2.3959251101321586,76.33963368667263,2.1,6.7,6.0,34.027833223342896
14.2,14.1,61.475,0.19332643536376484,61.66832643536377,33.00000000000001,2.3957602339181285,61.998326435363765,4.0,5.8,6.0,34.027833223342896
13.9,12.1,92.075,0.13998258934684862,92.21498258934685,34.56249999999999,2.394759825327511,92.56060758934684,3.5,8.2,5.9,34.027833223342896
14.2,9.7,51.1375,2.6996914757574815,53.837191475757486,58.10000000000001,2.3930072463768117,54.41819147575749,7.4,4.7,5.8,34.027833223342896
15.9,11.3,44.5375,1.6268326976711467,46.16433269767115,75.0375,2.392460317460318,46.91470769767115,9.8,4.7,5.7,34.027833223342896
18.0,15.4,66.7625,2.0364381968392733,68.79893819683927,43.412499999999994,2.394145114942529,69.23306319683927,6.4,6.1,5.9,34.027833223342896
15.4,15.9,49.6375,10.722332351827204,60.35983235182721,39.15,2.395064377682403,60.75133235182721,8.7,5.3,6.0,34.027833223342896
12.9,18.6,44.25,2.8713434816986227,47.121343481698624,43.36250000000001,2.3960470085470087,47.55496848169862,6.5,4.8,6.1,34.027833223342896
13.9,19.0,46.9375,1.2006318346484524,48.138131834648455,34.575,2.3975177304964537,48.48388183464846,7.7,4.7,6.0,34.027833223342896
12.5,20.7,82.96249999999999,0.19312805175005165,83.15562805175004,31.187499999999996,2.3990819209039547,83.46750305175004,3.8,7.3,5.9,34.027833223342896
15.9,18.6,69.7,3.6459366868049403,73.34593668680495,30.1375,2.4010900140646974,73.64731168680494,7.4,6.2,5.9,34.027833223342896
13.5,20.1,101.8,0.0,101.8,30.637500000000006,2.402766106442577,102.106375,0.0,9.2,5.7,34.027833223342896
12.4,14.4,48.099999999999994,0.7598289695799013,48.859828969579894,38.0875,2.402057182705718,49.2407039695799,5.2,5.0,5.9,34.027833223342896
15.2,13.7,57.074999999999996,1.686220641424235,58.76122064142423,49.262499999999996,2.402083333333333,59.25384564142423,7.0,5.4,5.9,34.027833223342896
11.4,14.8,39.287499999999994,1.073225507315647,40.36072550731564,45.675,2.4011756569847855,40.81747550731564,5.6,4.7,6.0,34.027833223342896
14.0,14.4,80.425,0.07993603174120353,80.5049360317412,34.175,2.4010330578512398,80.8466860317412,2.2,7.4,5.8,34.027833223342896
12.5,10.8,63.787499999999994,0.4098012877475672,64.19730128774756,45.9375,2.3991426611796984,64.65667628774756,4.3,6.3,5.7,34.027833223342896
13.4,9.4,28.474999999999994,5.459663657551696,33.93466365755169,73.4875,2.397096994535519,34.66953865755169,9.4,3.4,5.9,34.027833223342896
13.3,12.9,75.0,1.5425308932991617,76.54253089329916,61.3375,2.3962244897959186,77.15590589329916,4.7,6.0,5.9,34.027833223342896
15.8,11.7,41.5375,4.615858196292781,46.153358196292785,40.3375,2.39579945799458,46.55673319629278,9.9,4.7,5.9,34.027833223342896
12.4,15.7,81.83749999999999,0.2332356937649422,82.07073569376493,39.5125,2.395580296896086,82.46586069376492,2.2,7.3,5.9,34.027833223342896
10.5,12.0,62.9125,0.05452724748601026,62.96702724748601,46.650000000000006,2.393481182795699,63.43352724748601,2.7,5.9,6.0,34.027833223342896
14.2,8.7,37.93750000000001,6.149878556752787,44.087378556752796,87.56250000000001,2.3915327978580994,44.963003556752795,9.1,3.5,5.7,34.027833223342896
16.4,12.1,87.50000000000001,2.780286677424492,90.2802866774245,43.32499999999999,2.3914666666666666,90.7135366774245,7.1,7.0,5.8,34.027833223342896
15.9,13.4,39.8625,4.4565780173684875,44.31907801736848,48.962500000000006,2.3916666666666666,44.80870301736848,9.9,3.9,5.9,34.027833223342896
16.9,17.4,84.11250000000001,0.8158003400949687,84.92830034009498,35.7125,2.393518518518518,85.28542534009497,6.7,6.9,6.1,34.027833223342896
14.4,18.0,87.6125,0.047838247335801026,87.6603382473358,32.4,2.394729907773386,87.9843382473358,2.3,7.3,6.0,34.027833223342896
15.2,14.3,53.11250000000002,4.018958791313755,57.131458791313776,35.3125,2.39498031496063,57.484583791313774,8.5,4.9,5.9,34.027833223342896
15.8,16.9,85.67499999999998,0.08956240145018537,85.76456240145016,37.8,2.3962745098039213,86.14256240145016,3.6,7.4,6.0,34.027833223342896
14.1,14.5,56.512499999999996,1.7263333562874599,58.23883335628746,44.849999999999994,2.396223958333333,58.68733335628746,8.2,5.1,6.0,34.027833223342896
11.7,16.7,52.6875,0.15526343126780298,52.842763431267805,43.25000000000001,2.3961089494163423,53.2752634312678,2.2,5.7,5.8,34.027833223342896
14.5,13.1,62.612500000000004,1.9597112597534463,64.57221125975344,51.449999999999996,2.395736434108527,65.08671125975344,4.8,5.3,6.0,34.027833223342896
14.7,11.9,54.31249999999999,0.7814031093753738,55.09390310937537,42.4375,2.395045045045045,55.518278109375366,6.3,4.9,5.9,34.027833223342896
14.4,12.3,38.65,7.685787010531351,46.33578701053135,51.075,2.3943910256410255,46.84653701053135,8.3,3.8,6.0,34.027833223342896
17.1,14.6,48.987500000000004,5.312566565078222,54.300066565078225,43.125,2.395338441890166,54.731316565078224,9.4,4.9,6.0,34.027833223342896
17.9,18.0,74.30000000000001,0.7540341254446489,75.05403412544466,39.300000000000004,2.3976145038167935,75.44703412544466,5.5,7.0,6.0,34.027833223342896
18.3,17.5,62.8375,7.76495565506632,70.60245565506632,33.75,2.3998415716096324,70.93995565506633,9.9,5.3,6.0,34.027833223342896
15.6,21.4,55.43749999999999,0.3414801065489905,55.778980106548985,34.650000000000006,2.402430555555555,56.125480106548984,5.7,5.5,6.0,34.027833223342896
12.1,21.1,86.575,0.0,86.575,30.512499999999996,2.4038050314465407,86.880125,0.0,8.0,5.9,34.027833223342896
15.3,15.2,87.8375,0.23536818712405014,88.07286818712406,36.462500000000006,2.404323308270677,88.43749318712406,3.5,7.3,6.1,34.027833223342896
19.3,12.6,79.26250000000002,1.4058016985589157,80.66830169855893,35.699999999999996,2.405274656679151,81.02530169855893,5.9,7.1,6.0,34.027833223342896
14.6,12.5,61.475,0.38977079788060587,61.86477079788061,57.37500000000001,2.404726368159204,62.43852079788061,4.7,5.8,6.0,34.027833223342896
14.5,11.2,85.67500000000001,1.3782100211611643,87.05321002116118,46.78750000000001,2.4037484510532834,87.52108502116118,4.2,7.4,5.9,34.027833223342896
14.9,9.5,49.62499999999999,11.252886324216918,60.87788632421691,66.3375,2.4023765432098765,61.54126132421691,9.4,4.6,5.7,34.027833223342896
15.8,13.2,41.80000000000001,7.904538907226412,49.70453890722642,49.5,2.4024292742927424,50.19953890722642,8.9,3.8,6.0,34.027833223342896
13.9,16.1,78.60000000000001,0.7014333904555579,79.30143339045557,32.262499999999996,2.402787990196078,79.62405839045557,3.9,7.2,6.1,34.027833223342896
14.9,13.9,98.18749999999999,0.22257986720579118,98.41007986720578,31.099999999999994,2.4027777777777777,98.72107986720579,2.7,8.5,5.8,34.027833223342896
15.2,10.8,87.49999999999999,0.8481994447940854,88.34819944479408,44.10000000000001,2.4019160583941606,88.78919944479408,5.2,7.0,6.0,34.027833223342896
16.8,10.0,75.0,2.8667141816368877,77.8667141816369,49.5,2.4013030303030303,78.3617141816369,8.2,6.0,6.0,34.027833223342896
14.8,12.2,33.6875,9.874059790339079,43.561559790339075,50.87499999999999,2.4007548309178746,44.070309790339074,9.3,4.3,5.6,34.027833223342896
14.6,15.9,45.4625,4.56077166017258,50.023271660172576,41.175000000000004,2.401263537906137,50.43502166017257,8.5,4.3,6.0,34.027833223342896
13.7,18.4,67.8875,0.08961200583689004,67.97711200583689,33.46249999999999,2.402248201438849,68.31173700583689,4.8,6.7,6.1,34.027833223342896
13.3,17.1,60.70000000000001,0.8287716029190401,61.52877160291905,36.837500000000006,2.4027180406212665,61.89714660291905,4.2,5.6,6.1,34.027833223342896
14.4,15.2,61.0125,1.6780288919689295,62.69052889196893,39.837500000000006,2.4029464285714286,63.08890389196893,7.0,5.7,6.1,34.027833223342896
15.5,16.1,75.35000000000001,0.8063524118691574,76.15635241186916,35.02499999999999,2.4037663107947806,76.50660241186917,5.2,6.4,6.0,34.027833223342896
11.0,15.3,43.65,0.41315089641247216,44.06315089641247,37.449999999999996,2.4030141843971626,44.43765089641247,5.9,4.8,6.2,34.027833223342896
9.7,15.0,75.35000000000001,0.0,75.35000000000001,33.45000000000001,2.4017962308598353,75.68450000000001,0.0,7.6,6.0,34.027833223342896
11.0,9.0,59.25,0.4877957652697314,59.73779576526973,39.78750000000001,2.399207746478873,60.13567076526973,3.7,6.0,5.7,34.027833223342896
14.2,7.0,53.0375,2.5510852658258867,55.58858526582589,76.725,2.3969883040935676,56.35583526582589,8.4,4.9,5.4,34.027833223342896
11.5,10.0,33.9125,1.0041895390369207,34.91668953903692,110.16249999999998,2.394871794871795,36.01831453903692,6.4,3.7,5.9,34.027833223342896
12.7,10.5,33.225,6.091288095282751,39.31628809528275,31.85,2.3932636469221835,39.63478809528275,8.2,4.2,5.8,34.027833223342896
12.1,12.9,64.1,0.20431157173561262,64.30431157173561,61.2125,2.3921875,64.91643657173562,4.1,5.8,6.1,34.027833223342896
15.4,10.9,56.75000000000001,0.8744058863140185,57.62440588631402,50.375,2.391493656286044,58.12815588631402,6.3,5.2,5.8,34.027833223342896
20.1,11.4,65.2,5.3058866992326434,70.50588669923265,43.275000000000006,2.3922988505747123,70.93863669923265,9.7,5.6,6.0,34.027833223342896
15.0,15.1,51.875,3.838783685959261,55.713783685959264,35.1625,2.392697594501718,56.06540868595926,8.3,5.2,5.9,34.027833223342896
15.4,17.5,71.26249999999999,0.2346871760169997,71.497187176017,40.574999999999996,2.3938926940639265,71.90293717601699,5.2,6.7,6.0,34.027833223342896
13.3,16.7,50.787499999999994,0.6156301473070918,51.40313014730709,37.112500000000004,2.394254835039818,51.77425514730709,5.5,4.9,5.9,34.027833223342896
16.5,16.3,62.9375,4.498768725008331,67.43626872500833,40.925,2.395408163265306,67.84551872500833,6.2,5.5,5.8,34.027833223342896
16.1,16.7,69.7,1.305612115451668,71.00561211545167,35.25,2.3965536723163843,71.35811211545168,6.6,6.2,6.0,34.027833223342896
11.2,17.3,51.30000000000001,0.855933783147768,52.15593378314778,38.625,2.3964808558558555,52.54218378314778,4.5,5.4,6.0,34.027833223342896
11.3,15.8,43.375,0.40227277446652143,43.777272774466525,39.137499999999996,2.396015712682379,44.16864777446652,5.4,4.4,5.9,34.027833223342896
15.1,15.3,102.79999999999998,0.0,102.79999999999998,32.11249999999999,2.3964765100671137,103.12112499999998,0.0,8.8,6.1,34.027833223342896
15.7,9.2,100.89999999999999,0.031227575684252693,100.93122757568425,37.0375,2.395401337792642,101.30160257568424,2.3,8.6,5.9,34.027833223342896
14.7,5.6,54.625000000000014,8.613112672345578,63.23811267234559,74.9,2.3930555555555557,63.987112672345596,8.1,5.0,4.6,34.027833223342896
12.4,9.1,33.2,0.8262617485208174,34.02626174852082,126.30000000000001,2.391057585825027,35.289261748520815,6.5,4.0,6.0,34.027833223342896
13.2,9.6,42.075,1.8358097878714803,43.910809787871486,55.93750000000001,2.389431567328918,44.47018478787149,8.7,4.2,5.9,34.027833223342896
14.4,12.4,88.39999999999999,0.1478524997029228,88.54785249970291,50.83749999999999,2.388916391639164,89.05622749970291,4.0,7.6,5.9,34.027833223342896
20.4,10.5,64.06249999999999,3.3900521844837903,67.45255218448378,49.724999999999994,2.38952850877193,67.94980218448377,9.8,5.5,6.0,34.027833223342896
17.1,14.3,66.4125,1.9419039514882634,68.35440395148825,48.31249999999999,2.390273224043716,68.83752895148825,8.4,6.3,6.1,34.027833223342896
14.7,16.6,79.3,0.4361897501494726,79.73618975014946,44.5375,2.3909858387799567,80.18156475014946,4.6,6.8,5.9,34.027833223342896
14.8,15.3,65.85,1.6666097524538441,67.51660975245383,39.237500000000004,2.391368078175896,67.90898475245383,6.4,6.0,6.1,34.027833223342896
14.7,15.6,27.25,6.831129788786996,34.081129788786996,36.3125,2.3918019480519477,34.44425478878699,10.3,3.2,6.1,34.027833223342896
12.9,19.8,105.08749999999999,0.0,105.08749999999999,38.175000000000004,2.3928802588996767,105.46924999999999,0.0,9.1,6.0,34.027833223342896
19.5,13.8,59.12499999999999,5.9960715400694085,65.12107154006941,47.97500000000001,2.394112903225806,65.6008215400694,9.8,5.0,5.8,34.027833223342896
15.4,17.8,70.4625,0.6764638005935628,71.13896380059357,37.86249999999999,2.3953108252947484,71.51758880059357,4.6,6.3,5.9,34.027833223342896
15.3,16.5,89.20000000000002,0.04822658856041395,89.24822658856043,38.4625,2.3961271367521366,89.63285158856043,2.9,8.0,5.9,34.027833223342896
19.4,13.5,75.1,2.127907659623565,77.22790765962355,53.625,2.397231096911608,77.76415765962355,8.6,6.2,6.0,34.027833223342896
13.9,16.1,50.449999999999996,1.6967452872756306,52.14674528727563,48.15,2.3975583864118897,52.628245287275625,5.9,4.6,6.0,34.027833223342896
16.4,16.0,60.0125,1.3916782275060542,61.40417822750606,31.862499999999997,2.398518518518518,61.722803227506056,9.0,5.5,5.9,34.027833223342896
13.9,19.1,57.637499999999996,0.43470065481115755,58.072200654811155,40.425,2.3996308016877643,58.47645065481115,6.1,5.7,6.0,34.027833223342896
14.1,19.2,84.1375,0.06236485483049583,84.1998648548305,35.325,2.400814931650894,84.5531148548305,2.9,7.1,6.0,34.027833223342896
21.2,16.1,66.7625,1.62690916647556,68.38940916647556,36.81250000000001,2.403039832285115,68.75753416647557,8.6,6.1,5.9,34.027833223342896
18.8,18.8,89.06249999999999,0.47190322215136693,89.53440322215135,34.4,2.405329153605016,89.87840322215135,3.2,7.5,5.8,34.027833223342896
15.3,16.2,75.0,2.1353540103075352,77.13535401030754,28.474999999999994,2.4060156249999998,77.42010401030754,5.1,6.0,5.8,34.027833223342896
12.3,15.5,53.712500000000006,0.33329573823538833,54.04579573823539,32.1625,2.4057372793354106,54.36742073823539,4.2,5.5,5.9,34.027833223342896
15.1,13.8,74.625,0.5542434558653944,75.17924345586539,43.425000000000004,2.4057453416149066,75.6134934558654,5.9,6.6,6.0,34.027833223342896
9.2,13.7,51.0125,0.11998751632723567,51.13248751632724,39.837500000000006,2.4042053663570693,51.53086251632724,2.7,5.5,6.1,34.027833223342896
13.3,10.3,36.025,2.8732925625511063,38.898292562551106,50.5375,2.402854938271605,39.40366756255111,8.7,3.8,5.9,34.027833223342896
12.2,13.1,66.875,0.035605443522612926,66.91060544352261,41.75,2.4019487179487173,67.32810544352262,2.4,6.4,5.8,34.027833223342896
18.9,9.7,56.98749999999999,10.261920310741193,67.24942031074119,65.925,2.4018916155419223,67.90867031074119,10.3,5.3,6.0,34.027833223342896
14.2,14.0,69.825,0.16300626322265035,69.98800626322266,52.574999999999996,2.4017329255861366,70.51375626322266,3.9,6.6,6.0,34.027833223342896
14.1,11.9,69.23750000000001,0.4135900710218926,69.6510900710219,61.71249999999999,2.401016260162602,70.2682150710219,4.0,6.1,5.9,34.027833223342896
14.3,10.0,51.575,0.6492247908715766,52.22422479087158,48.72500000000001,2.399873353596758,52.711474790871584,7.6,4.6,5.8,34.027833223342896
12.2,11.8,68.91250000000001,0.5487772445769548,69.46127724457696,65.175,2.3986616161616165,70.11302724457697,4.5,5.9,6.0,34.027833223342896
13.2,10.3,90.99999999999999,0.02265230157488747,91.02265230157488,56.89999999999999,2.3973313192346426,91.59165230157488,1.3,8.0,5.8,34.027833223342896
13.6,5.8,66.8875,1.1255730892317666,68.01307308923177,74.35,2.3949799196787147,68.75657308923176,5.9,5.9,5.6,34.027833223342896
16.6,6.1,54.28750000000001,4.2555175770289235,58.543017577028934,212.63750000000007,2.393468468468469,60.66939257702894,9.6,4.7,5.5,34.027833223342896
16.0,10.2,75.9,0.725309249619782,76.62530924961979,77.3125,2.392839321357285,77.39843424961978,6.4,6.6,5.9,34.027833223342896
15.0,10.7,56.41250000000001,1.910358295941708,58.322858295941714,51.075,2.3920895522388057,58.833608295941715,8.4,4.9,6.0,34.027833223342896
13.4,13.1,62.712499999999984,0.09893506773193753,62.81143506773192,40.724999999999994,2.3915426587301587,63.21868506773192,4.0,5.5,6.0,34.027833223342896
15.2,11.1,53.912499999999994,1.0080597173476877,54.92055971734768,38.824999999999996,2.390949554896143,55.30880971734768,7.7,5.3,5.8,34.027833223342896
14.1,13.0,66.3,0.10610072384992374,66.40610072384992,37.7875,2.3905571992110453,66.78397572384992,4.6,6.6,5.9,34.027833223342896
15.9,11.7,51.150000000000006,1.1719235133563057,52.32192351335631,54.137499999999996,2.3902900688298914,52.86329851335631,7.6,4.8,5.9,34.027833223342896
18.4,13.4,69.80000000000001,7.8124762167887685,77.61247621678878,66.0,2.3910539215686275,78.27247621678877,7.7,6.4,6.0,34.027833223342896
11.9,15.1,39.975,2.259614996091664,42.234614996091665,50.9125,2.3906402737047903,42.74373999609166,5.6,4.2,5.9,34.027833223342896
15.5,14.8,51.237500000000004,11.76234814379889,62.99984814379889,48.68750000000001,2.3910331384015597,63.48672314379889,10.0,4.9,6.1,34.027833223342896
17.6,18.7,81.39999999999999,0.7403664425464636,82.14036644254645,43.575,2.3928814382896015,82.57611644254645,6.3,6.8,6.0,34.027833223342896
17.7,19.0,52.4375,1.9748260955679597,54.41232609556796,33.75,2.394815891472868,54.74982609556796,7.8,5.5,6.0,34.027833223342896
19.7,20.8,99.99999999999997,0.21584519139085018,100.21584519139083,31.8,2.3976570048309176,100.53384519139082,6.0,8.0,6.0,34.027833223342896
20.2,20.8,75.0,2.1114804718155575,77.11148047181555,34.05,2.4006021194605007,77.45198047181556,8.8,6.0,6.0,34.027833223342896
17.8,23.6,60.25,13.912190292404977,74.16219029240497,31.724999999999998,2.403626320845341,74.47944029240497,9.8,5.6,6.0,34.027833223342896
13.3,27.4,57.300000000000004,0.24206466943330696,57.54206466943331,32.15,2.4064655172413794,57.86356466943331,5.5,5.4,5.8,34.027833223342896
11.9,27.1,73.57500000000002,0.030997731594384542,73.6059977315944,35.5,2.4088825214899714,73.9609977315944,1.9,7.2,6.2,34.027833223342896
13.6,22.8,79.60000000000001,0.21635590204223093,79.81635590204223,32.4625,2.4106666666666667,80.14098090204223,3.0,7.4,5.9,34.027833223342896
16.1,19.9,58.8625,0.24915450451173188,59.111654504511726,36.075,2.412345679012346,59.47240450451173,4.4,5.9,6.0,34.027833223342896
19.0,18.3,87.6,1.3972240678839456,88.99722406788393,31.8,2.4143229166666664,89.31522406788393,5.7,7.2,6.0,34.027833223342896
23.2,18.0,62.5,16.054215097405343,78.55421509740535,45.9125,2.417209631728045,79.01334009740535,13.3,5.0,6.1,34.027833223342896
17.8,25.2,81.9875,0.6876566531266592,82.67515665312666,32.9875,2.420503766478343,83.00503165312666,4.8,7.3,5.9,34.027833223342896
17.6,24.1,63.4,0.3442417570200107,63.744241757020006,33.8875,2.423474178403756,64.08311675702001,3.6,5.6,5.9,34.027833223342896
19.5,21.8,75.43749999999999,1.7931508337762265,77.23065083377621,27.900000000000002,2.4263342696629215,77.5096508337762,8.3,6.5,6.0,34.027833223342896
19.1,24.1,102.69999999999999,0.6249228811716938,103.32492288117169,39.7625,2.429621848739496,103.72254788117169,3.4,8.6,6.1,34.027833223342896
20.2,21.4,68.90000000000002,16.05836337158602,84.95836337158605,42.962500000000006,2.432518621973929,85.38798837158605,11.6,5.8,5.9,34.027833223342896
13.2,27.1,40.325,1.1082672436908358,41.433267243690835,40.73750000000001,2.435097493036212,41.84064224369084,6.9,4.0,6.1,34.027833223342896
16.0,27.9,109.11249999999998,0.0,109.11249999999998,29.4875,2.43849537037037,109.40737499999999,0.0,8.9,6.1,34.027833223342896
17.7,21.8,74.30000000000001,0.3606600527480067,74.66066005274801,27.212500000000006,2.440858725761773,74.93278505274802,5.8,7.0,5.9,34.027833223342896
12.4,21.7,87.86250000000001,0.0,87.86250000000001,33.0125,2.4419659300184167,88.192625,0.0,7.5,6.1,34.027833223342896
13.8,15.6,69.925,0.15525262447028224,70.08025262447028,33.35,2.441988062442608,70.41375262447028,3.6,6.8,5.8,34.027833223342896
15.7,13.4,40.5125,19.345730300394365,59.85823030039437,54.25000000000001,2.441941391941392,60.400730300394365,10.2,3.7,6.2,34.027833223342896
15.3,17.4,57.074999999999996,1.5881773317806043,58.6631773317806,40.724999999999994,2.442716894977169,59.0704273317806,6.5,5.4,6.0,34.027833223342896
14.7,17.9,75.8125,0.8691848017076439,76.68168480170765,31.4375,2.443465391621129,76.99605980170764,2.7,6.5,6.1,34.027833223342896
15.0,14.5,59.51249999999999,3.5218209085189467,63.034320908518936,33.212500000000006,2.4435059037238873,63.36644590851893,8.6,5.7,5.9,34.027833223342896
13.8,17.2,50.77499999999999,1.3024304526714783,52.07743045267147,43.637499999999996,2.4438858695652175,52.51380545267147,6.2,4.8,5.9,34.027833223342896
15.3,17.5,85.6875,0.0891511421671186,85.77665114216713,39.075,2.444670280036134,86.16740114216712,3.7,7.5,6.0,34.027833223342896
20.3,15.2,65.51249999999999,12.560768176555046,78.07326817655503,27.649999999999995,2.446058558558559,78.34976817655503,11.3,5.7,5.8,34.027833223342896
13.1,20.7,75.025,0.321072061005309,75.34607206100532,43.7375,2.447057502246181,75.78344706100532,3.9,6.2,6.1,34.027833223342896
14.0,18.5,72.4875,1.3386135657994473,73.82611356579945,37.0375,2.4477598566308245,74.19648856579944,5.0,6.9,5.9,34.027833223342896
14.5,17.6,91.7875,0.13166167105133908,91.91916167105133,36.525,2.4483690795352993,92.28441167105133,3.5,7.7,6.0,34.027833223342896
11.3,15.1,60.68749999999999,0.8097614085269795,61.497261408526974,32.175000000000004,2.4477049910873445,61.819011408526976,4.5,5.5,6.0,34.027833223342896
16.5,13.6,75.3,2.1998300353244753,77.49983003532448,32.1625,2.447866666666666,77.82145503532448,6.7,6.6,5.9,34.027833223342896
12.6,14.4,60.67500000000001,0.03862092419013265,60.713620924190145,42.9875,2.4473404255319147,61.14349592419015,2.7,6.0,6.1,34.027833223342896
13.9,11.0,54.225,1.155870730815905,55.38087073081591,46.65,2.4463527851458884,55.84737073081591,6.2,6.0,6.0,34.027833223342896
17.2,11.2,54.2625,3.931916939981117,58.19441693998112,83.66250000000001,2.446141975308642,59.031041939981115,8.9,5.1,5.7,34.027833223342896
13.5,14.4,57.325,0.15182277936245958,57.476822779362465,55.43749999999999,2.4458223394898857,58.031197779362465,4.7,5.6,6.1,34.027833223342896
13.0,13.0,65.64999999999999,0.1320155895898428,65.78201558958983,31.350000000000005,2.445087719298246,66.09551558958984,1.8,6.2,6.0,34.027833223342896
17.5,8.8,66.78750000000001,1.5766133407248173,68.36411334072483,32.775000000000006,2.444422572178478,68.69186334072482,8.2,5.7,6.0,34.027833223342896
14.7,11.0,54.362500000000004,1.246742382609025,55.60924238260903,52.05,2.443630017452007,56.12974238260903,7.1,5.3,6.0,34.027833223342896
15.8,12.1,64.4,0.5194869193444358,64.91948691934444,51.737500000000004,2.443320278503046,65.43686191934444,5.0,5.8,5.9,34.027833223342896
14.1,11.2,43.7,1.1945191714709258,44.894519171470925,43.57499999999999,2.4424479166666666,45.330269171470924,7.5,4.6,6.0,34.027833223342896
13.1,12.7,43.3375,1.600859463999282,44.938359463999284,53.600000000000016,2.441688311688312,45.474359463999285,6.6,4.7,5.8,34.027833223342896
12.4,13.5,84.43749999999999,0.004409735330891606,84.44190973533088,53.237500000000004,2.4409542314335058,84.97428473533088,0.7,7.7,5.9,34.027833223342896
14.4,8.3,53.1375,0.938203400488796,54.0757034004888,50.875,2.4395348837209303,54.5844534004888,6.7,5.1,5.6,34.027833223342896
17.6,9.4,63.40000000000001,7.725001327188717,71.12500132718873,65.3625,2.4390463917525773,71.77862632718873,8.4,5.6,5.7,34.027833223342896
17.8,12.1,53.600000000000016,19.576660683668166,73.17666068366819,59.3125,2.4391816623821767,73.76978568366819,10.6,5.2,5.9,34.027833223342896
16.5,16.8,75.1,0.5564199978190673,75.65641999781906,50.175000000000004,2.440042735042735,76.15816999781906,6.4,6.2,6.0,34.027833223342896
14.8,17.2,73.62500000000001,0.21322841423388028,73.8382284142339,29.750000000000004,2.440622335890878,74.1357284142339,4.6,7.0,5.8,34.027833223342896
18.9,16.0,72.1875,2.8423271143108533,75.02982711431085,34.1875,2.441815476190476,75.37170211431085,6.5,6.9,5.9,34.027833223342896
16.5,16.6,88.29999999999998,1.2988019316535595,89.59880193165354,46.125,2.442620865139949,90.06005193165355,4.7,7.4,6.0,34.027833223342896
18.2,15.3,71.60000000000001,2.0814731862634956,73.6814731862635,49.824999999999996,2.44350676818951,74.1797231862635,7.3,6.4,6.2,34.027833223342896
17.5,16.4,63.175000000000004,2.4668047593342153,65.64180475933422,47.625,2.4444725738396627,66.11805475933421,7.5,5.6,6.0,34.027833223342896
18.5,17.9,102.69999999999999,0.14978868361735548,102.84978868361735,36.14999999999999,2.445959595959596,103.21128868361735,1.7,8.6,6.0,34.027833223342896
20.8,13.6,60.68749999999999,12.38094203249874,73.06844203249874,31.637499999999996,2.4470193115029386,73.38481703249873,10.8,5.5,5.9,34.027833223342896
20.2,18.5,75.01250000000002,3.1085666655219057,78.12106666552192,37.8,2.448974036850921,78.49906666552192,8.5,6.1,6.0,34.027833223342896
17.7,21.0,43.0,5.966496820970832,48.96649682097083,40.587500000000006,2.4509189640768585,49.372371820970834,8.2,5.0,6.1,34.027833223342896
17.0,23.1,63.6375,0.9619525781505553,64.59945257815056,38.387499999999996,2.453145833333333,64.98332757815056,6.7,5.7,5.9,34.027833223342896
15.9,23.9,79.39999999999999,0.10623897589052758,79.50623897589053,28.712500000000002,2.4552992518703243,79.79336397589053,3.6,7.0,5.9,34.027833223342896
18.2,21.6,100.33749999999999,0.11780365542532695,100.45530365542533,35.849999999999994,2.4574419568822554,100.81380365542533,2.4,8.3,6.0,34.027833223342896
21.8,18.0,51.575,8.000583674570766,59.575583674570765,37.05,2.4595740281224154,59.946083674570765,10.9,4.6,6.0,34.027833223342896
19.3,22.9,41.0125,8.403798397594878,49.41629839759488,32.175,2.462190594059406,49.73804839759488,11.3,4.1,6.0,34.027833223342896
16.3,28.2,89.075,0.0833570989405386,89.15835709894054,33.824999999999996,2.4652674897119344,89.49660709894054,2.2,7.6,6.0,34.027833223342896
22.3,24.4,100.0,0.4759267065321651,100.47592670653216,33.38750000000001,2.46878078817734,100.80980170653217,6.4,8.0,6.1,34.027833223342896
19.0,24.7,63.312500000000014,2.398916891361341,65.71141689136135,32.6125,2.4716625716625718,66.03754189136136,7.2,5.5,5.9,34.027833223342896
19.0,26.0,91.7875,0.9439139571069479,92.73141395710694,32.637499999999996,2.474795751633987,93.05778895710694,7.2,7.7,6.1,34.027833223342896
10.5,27.1,64.31250000000001,0.0,64.31250000000001,35.02499999999999,2.47640586797066,64.66275000000002,0.0,6.3,6.0,34.027833223342896
13.7,21.1,54.712500000000006,1.4901131946683495,56.20261319466835,35.02499999999999,2.477439024390244,56.552863194668355,5.9,5.7,6.0,34.027833223342896
15.6,21.0,69.1,0.33001448015952617,69.43001448015951,37.50000000000001,2.478832116788321,69.80501448015951,4.6,6.2,6.0,34.027833223342896
14.8,19.6,63.4125,0.8517163238056107,64.26421632380561,40.3625,2.479773462783171,64.66784132380562,7.0,5.7,6.1,34.027833223342896
13.3,20.5,65.2,0.16290567948198156,65.36290567948198,31.874999999999996,2.4805891848264734,65.68165567948198,3.9,6.2,6.0,34.027833223342896
16.6,18.4,66.53750000000001,2.334785062935977,68.87228506293599,29.850000000000005,2.4816425120772942,69.17078506293599,5.3,6.7,6.0,34.027833223342896
14.6,17.7,51.150000000000006,1.3959028584206645,52.54590285842067,33.9,2.4821485943775103,52.884902858420666,7.9,4.8,6.0,34.027833223342896
19.1,19.6,93.89999999999999,0.3946062740837575,94.29460627408375,36.975,2.483934294871795,94.66435627408374,5.6,7.8,6.0,34.027833223342896
16.5,19.2,93.225,0.5791958315707569,93.80419583157075,38.5625,2.485111910471623,94.18982083157076,4.5,7.8,6.1,34.027833223342896
19.0,17.6,99.99999999999997,0.3136198570673486,100.31361985706732,41.487500000000004,2.4864633173843695,100.72849485706732,4.8,8.0,6.1,34.027833223342896
18.2,16.3,66.78750000000001,0.4761456393988927,67.2636456393989,27.587500000000002,2.48739061256961,67.5395206393989,6.6,5.7,5.9,34.027833223342896
17.2,17.0,80.85,0.7699293568113414,81.61992935681134,33.3875,2.488253968253968,81.95380435681135,4.7,7.2,6.1,34.027833223342896
18.2,15.6,63.38750000000001,2.707577609596026,66.09507760959603,34.425000000000004,2.489034045922407,66.43932760959603,8.6,6.1,6.0,34.027833223342896
17.2,18.2,65.85,1.4182115631098866,67.26821156310989,45.224999999999994,2.490126382306477,67.7204615631099,8.3,6.0,6.0,34.027833223342896
15.1,20.5,64.7375,0.37579669356363493,65.11329669356363,46.2,2.4912529550827425,65.57529669356363,4.8,6.1,6.0,34.027833223342896
19.0,19.3,65.2,4.8112520870016215,70.01125208700162,49.962500000000006,2.492904874213836,70.51087708700162,9.0,5.6,6.1,34.027833223342896
17.8,22.2,63.5,3.061641171682134,66.56164117168214,32.775000000000006,2.4948823529411763,66.88939117168213,8.9,5.8,6.0,34.027833223342896
18.0,25.1,84.45,1.0074402945286718,85.45744029452868,29.387500000000006,2.4974569640062603,85.75131529452868,5.9,7.2,5.9,34.027833223342896
17.2,25.1,78.50000000000001,1.5800983258809118,80.08009832588093,33.225,2.4998633879781424,80.41234832588093,5.0,7.0,6.0,34.027833223342896
16.5,24.1,63.6375,9.12425188322143,72.76175188322144,30.137499999999996,2.501927570093458,73.06312688322143,8.9,5.7,5.9,34.027833223342896
10.3,27.1,76.175,0.0,76.175,32.4875,2.503360528360528,76.499875,0.0,7.6,6.1,34.027833223342896
13.3,21.0,79.26249999999999,0.035393748142135244,79.29789374814213,33.212500000000006,2.504186046511628,79.63001874814213,2.0,7.1,5.9,34.027833223342896
23.3,17.1,75.0,18.31748343765338,93.31748343765338,37.28750000000001,2.506187161639598,93.69035843765337,12.0,6.0,6.1,34.027833223342896
20.8,23.0,65.2,11.588264642675897,76.7882646426759,38.8625,2.5088348765432094,77.1768896426759,11.0,5.6,6.1,34.027833223342896
15.8,27.9,103.01249999999999,0.08553946839781029,103.0980394683978,31.724999999999998,2.511451116243264,103.4152894683978,2.5,8.7,6.0,34.027833223342896
15.4,24.4,87.8375,0.2665478990197344,88.10404789901975,28.800000000000004,2.513306451612903,88.39204789901974,3.3,7.3,6.0,34.027833223342896
15.3,21.7,104.2875,0.0,104.2875,31.274999999999995,2.5146168582375483,104.60024999999999,0.0,8.7,6.0,34.027833223342896
17.2,15.7,101.56249999999997,0.02023004642474496,101.58273004642471,34.72500000000001,2.515137614678899,101.92998004642472,2.8,8.5,6.0,34.027833223342896
22.0,12.5,75.0125,10.24170626862631,85.25420626862632,40.5625,2.5159610983981695,85.65983126862632,7.1,6.1,5.9,34.027833223342896
22.6,13.7,100.0,3.39198610471872,103.39198610471873,56.4875,2.517123287671233,103.95686110471873,7.4,8.0,6.1,34.027833223342896
14.4,15.0,72.4,0.05878832093086255,72.45878832093086,82.625,2.5169703872437355,73.28503832093087,2.0,6.8,5.8,34.027833223342896
18.5,11.2,42.22500000000001,17.375885411654796,59.6008854116548,62.975,2.5168749999999998,60.2306354116548,11.2,4.2,5.8,34.027833223342896
11.3,16.6,60.112500000000004,0.3359154991093342,60.44841549910934,60.98749999999999,2.5164399092970524,61.05829049910934,2.0,6.3,6.1,34.027833223342896
13.2,12.5,75.01250000000002,1.0689007001411028,76.08140070014112,47.612500000000004,2.5155920060331827,76.55752570014111,4.7,6.1,5.9,34.027833223342896
17.3,11.3,84.11250000000001,1.848291561478654,85.96079156147867,33.300000000000004,2.5152934537246048,86.29379156147867,7.1,6.9,6.0,34.027833223342896
16.2,12.4,81.7,0.09211075480891015,81.79211075480892,45.13750000000001,2.5149962462462465,82.24348575480892,4.7,7.4,5.9,34.027833223342896
16.2,11.2,66.8,1.0210506573874278,67.82105065738743,49.62499999999999,2.5144756554307115,68.31730065738743,7.4,5.8,5.8,34.027833223342896
16.5,12.8,57.962500000000006,4.189729582709815,62.15222958270982,69.30000000000001,2.5143124065769804,62.84522958270982,8.8,5.3,6.0,34.027833223342896
13.8,15.6,64.8625,0.9079033473975321,65.77040334739753,46.2875,2.5141685309470545,66.23327834739753,5.6,5.9,6.1,34.027833223342896
15.1,15.1,88.38749999999999,0.008448030201930627,88.39594803020192,35.9875,2.5141741071428574,88.75582303020192,1.4,8.1,5.9,34.027833223342896
15.9,10.6,69.33749999999999,1.471778504943315,70.80927850494331,32.75,2.513492947290275,71.13677850494331,6.7,6.3,5.8,34.027833223342896
19.2,11.5,52.7,14.686437180506866,67.38643718050687,84.58749999999999,2.5135925925925924,68.23231218050688,11.7,4.6,5.9,34.027833223342896
17.7,17.3,96.6125,0.29204295771465477,96.90454295771465,46.8,2.514486326681449,97.37254295771466,4.7,7.9,6.0,34.027833223342896
18.2,16.0,80.4,0.2048754015089165,80.60487540150892,30.5875,2.5152286135693216,80.91075040150892,4.7,7.2,5.9,34.027833223342896
17.5,14.8,87.49999999999999,3.5061825638613096,91.0061825638613,41.62499999999999,2.515618101545254,91.4224325638613,7.2,7.0,6.0,34.027833223342896
18.9,16.0,77.7,3.6141635446877776,81.31416354468779,37.962500000000006,2.516483113069016,81.69378854468779,8.0,6.6,6.1,34.027833223342896
20.3,17.9,75.0,5.645068256788673,80.64506825678868,38.25,2.517948717948718,81.02756825678867,8.6,6.0,6.0,34.027833223342896
18.6,20.5,81.4125,0.3409380308673752,81.75343803086737,27.349999999999994,2.519572368421053,82.02693803086737,5.0,6.9,5.8,34.027833223342896
20.0,19.7,61.80000000000001,7.5664551686063035,69.36645516860631,30.46249999999999,2.5212983223924144,69.67108016860631,10.7,6.0,6.1,34.027833223342896
15.4,24.3,93.91249999999998,0.09321064492253815,94.00571064492252,37.1375,2.523016739446871,94.37708564492252,2.8,7.9,6.1,34.027833223342896
16.8,21.0,84.10000000000001,1.2512464664462943,85.3512464664463,41.0375,2.524382716049383,85.7616214664463,5.7,7.4,6.1,34.027833223342896
17.2,20.6,100.89999999999999,0.16486553538827298,101.06486553538826,39.45,2.5257427536231885,101.45936553538826,2.9,8.6,6.0,34.027833223342896
18.5,17.5,50.025000000000006,6.077685942470212,56.10268594247022,43.925000000000004,2.52677151120752,56.54193594247022,10.0,4.2,5.8,34.027833223342896
15.8,21.7,67.6875,1.2074881355259097,68.8949881355259,38.01250000000001,2.528066378066378,69.27511313552591,5.3,6.3,5.9,34.027833223342896
15.0,21.1,82.32499999999999,0.09820430638817945,82.42320430638817,33.4375,2.5291036717062636,82.75757930638817,1.8,7.6,5.9,34.027833223342896
15.5,17.0,93.35,0.04337125784907569,93.39337125784907,33.75,2.5294899425287354,93.73087125784907,2.4,8.2,6.0,34.027833223342896
15.4,13.4,82.2,0.2804639777288512,82.48046397772886,38.0,2.52921146953405,82.86046397772886,4.9,7.2,5.8,34.027833223342896
12.4,12.5,46.5125,0.6382709621310131,47.15077096213101,67.8625,2.528236766809728,47.82939596213101,5.2,4.9,5.9,34.027833223342896
15.6,11.8,39.50000000000001,8.162809883966904,47.662809883966915,54.88750000000001,2.527712348322627,48.21168488396692,10.3,4.0,5.9,34.027833223342896
13.5,16.2,69.0125,0.16874155902228052,69.18124155902228,52.425,2.5275997150997154,69.70549155902228,4.0,6.7,6.0,34.027833223342896
14.3,14.2,64.95,0.5930199969778478,65.54301999697785,39.137499999999996,2.52727434257285,65.93439499697784,4.8,6.6,5.9,34.027833223342896
16.5,13.1,51.237500000000004,4.34808818630763,55.58558818630763,37.9375,2.5271453900709218,55.964963186307635,9.5,4.9,5.9,34.027833223342896
11.8,16.7,60.099999999999994,0.3324781635138726,60.43247816351386,38.849999999999994,2.5268223637650387,60.820978163513864,4.4,6.2,6.0,34.027833223342896
13.9,15.1,76.5375,0.11826255584865245,76.65576255584865,37.0375,2.5265889830508477,77.02613755584865,2.1,7.5,5.9,34.027833223342896
15.7,11.3,69.23750000000001,1.9805112441150354,71.21801124411505,39.375,2.5260042283298096,71.61176124411504,7.7,6.1,6.0,34.027833223342896
12.7,13.0,48.5,1.6857930644577797,50.185793064457776,57.36250000000002,2.525193389592124,50.759418064457776,5.8,5.2,5.9,34.027833223342896
19.8,12.9,87.50000000000001,1.6107177398884138,89.11071773988843,41.5375,2.5256140350877194,89.52609273988843,6.4,7.0,5.9,34.027833223342896
19.0,13.4,68.9,4.966444066683902,73.86644406668391,35.9,2.5259803921568627,74.2254440666839,9.8,5.8,5.8,34.027833223342896
12.8,17.4,81.41250000000001,0.08489866561466368,81.49739866561467,35.02499999999999,2.525960866526904,81.84764866561467,3.6,6.9,6.0,34.027833223342896
15.1,15.0,69.82499999999999,0.2592502162501852,70.08425021625017,33.525,2.525923988842399,70.41950021625017,4.0,6.6,6.0,34.027833223342896
14.6,13.0,103.01249999999999,0.13502067984622018,103.14752067984621,32.625,2.525452331245651,103.47377067984621,2.0,8.7,6.0,34.027833223342896
14.5,9.0,56.987500000000004,4.511238834550919,61.49873883455092,44.3,2.524270833333333,61.94173883455092,8.3,5.3,5.8,34.027833223342896
15.0,11.5,79.2875,2.3058577643574494,81.59335776435745,48.962500000000006,2.5236139986139987,82.08298276435745,6.3,6.7,5.9,34.027833223342896
9.9,11.9,55.37500000000001,0.17528349927703102,55.550283499277036,48.37499999999999,2.522147302904565,56.03403349927704,3.5,5.6,6.0,34.027833223342896
13.8,9.4,66.8,0.2483215952479105,67.04832159524791,37.2625,2.520928226363009,67.42094659524791,5.0,5.8,5.9,34.027833223342896
16.3,8.5,30.500000000000004,11.902403660152414,42.402403660152416,46.24999999999999,2.5199896694214874,42.864903660152414,11.4,3.4,5.8,34.027833223342896
15.8,14.1,75.80000000000001,1.0233551702609947,76.82335517026101,54.37500000000001,2.519931271477663,77.36710517026101,7.1,6.4,6.0,34.027833223342896
15.4,15.2,79.2875,0.09475893359262404,79.38225893359262,37.65,2.5199931412894374,79.75875893359262,3.5,6.7,6.0,34.027833223342896
15.2,12.7,66.7625,0.9413126855444786,67.70381268554448,36.449999999999996,2.519592744695414,68.06831268554448,6.6,6.1,6.0,34.027833223342896
13.5,13.3,52.4625,0.546618263081461,53.00911826308146,39.0875,2.519006147540984,53.39999326308146,5.4,5.7,6.1,34.027833223342896
11.9,12.6,51.99999999999999,0.9292775883691694,52.92927758836916,63.375,2.5180299931833674,53.56302758836916,5.7,5.0,6.0,34.027833223342896
13.1,12.3,63.312500000000014,0.7195862752320307,64.03208627523205,50.68750000000001,2.5172108843537417,64.53896127523204,6.3,5.5,5.9,34.027833223342896
16.3,12.7,50.0125,6.821275084084126,56.83377508408413,45.224999999999994,2.5170061099796333,57.28602508408413,9.9,4.1,6.0,34.027833223342896
11.7,16.6,77.76250000000002,0.03551098922057449,77.79801098922059,34.15,2.5166836043360434,78.13951098922058,2.7,7.7,6.2,34.027833223342896
17.0,13.1,59.9125,4.611457949842561,64.52395794984257,37.125,2.5166666666666666,64.89520794984257,8.4,5.3,6.0,34.027833223342896
15.3,15.5,61.024999999999984,0.21431434638255073,61.239314346382535,31.862499999999997,2.5167678812415657,61.55793934638253,5.8,5.8,5.9,34.027833223342896
14.6,15.4,51.150000000000006,3.223447204444737,54.373447204444744,37.275,2.5167340067340067,54.74619720444475,8.1,4.8,6.0,34.027833223342896
14.4,17.5,66.7875,0.4175658741198336,67.20506587411982,41.01250000000001,2.517019489247312,67.61519087411982,5.7,5.7,5.9,34.027833223342896
15.0,17.3,91.7625,0.2896818362091687,92.05218183620917,33.762499999999996,2.5173708920187794,92.38980683620917,3.1,8.1,6.1,34.027833223342896
16.1,14.3,79.2875,0.8094678940428326,80.09696789404283,40.24999999999999,2.5174029451137883,80.49946789404284,6.0,6.7,5.8,34.027833223342896
14.1,14.5,54.075,0.7841363789778952,54.8591363789779,42.075,2.5171342685370743,55.2798863789779,5.5,6.0,6.0,34.027833223342896
14.3,14.0,60.137499999999996,3.7883829499655635,63.92588294996556,43.425000000000004,2.5168166666666667,64.36013294996556,6.8,5.9,6.0,34.027833223342896
14.3,14.8,64.175,0.20340717971429753,64.3784071797143,42.9625,2.5166333998669326,64.8080321797143,4.5,5.8,5.9,34.027833223342896
13.9,13.4,40.4,4.692021153536618,45.092021153536614,44.60000000000001,2.516152058432935,45.53802115353661,8.0,4.6,5.8,34.027833223342896
15.4,15.6,73.1625,0.35723086776717616,73.51973086776717,52.650000000000006,2.5162856196156396,74.04623086776716,4.4,6.9,6.0,34.027833223342896
17.4,14.0,67.90000000000002,2.9346975705999294,70.83469757059994,52.25000000000001,2.516484788359788,71.35719757059994,7.4,6.2,5.8,34.027833223342896
15.2,15.6,49.75,2.5675255599162683,52.31752555991627,52.87500000000001,2.5165841584158413,52.84627555991627,6.9,5.0,6.0,34.027833223342896
13.3,16.5,60.0125,0.4014977944325022,60.413997794432504,33.75,2.516518445322793,60.7514977944325,5.4,5.5,6.0,34.027833223342896
15.5,15.9,96.6125,0.30434682381455597,96.91684682381455,38.1625,2.516715976331361,97.29847182381455,3.6,7.9,5.9,34.027833223342896
14.7,13.6,93.22500000000001,0.1465925100328104,93.37159251003281,36.0,2.516404199475066,93.73159251003281,3.8,7.8,6.0,34.027833223342896
15.4,11.4,45.5,7.746582796097857,53.246582796097854,44.012499999999996,2.5158480681074007,53.686707796097856,9.6,4.6,5.9,34.027833223342896
17.8,15.1,93.22500000000001,0.3015083558831089,93.52650835588312,47.599999999999994,2.516290849673202,94.00250835588312,4.7,7.8,5.8,34.027833223342896
15.6,14.0,62.612500000000004,2.497084715734281,65.10958471573429,43.0625,2.51619373776908,65.54020971573429,8.1,5.3,6.1,34.027833223342896
14.6,16.0,60.24999999999999,1.5021088866946326,61.75210888669463,50.475,2.5162597656250005,62.25685888669463,5.6,5.6,6.0,34.027833223342896
15.9,15.6,77.3625,0.6103519329973781,77.97285193299737,36.962500000000006,2.516471734892788,78.34247693299737,4.0,6.9,5.9,34.027833223342896
19.1,13.7,65.5125,9.544773144614444,75.05727314461444,43.125,2.5168936446173804,75.48852314461445,10.4,5.7,6.0,34.027833223342896
13.7,18.1,42.225,0.9678363467456991,43.1928363467457,49.9625,2.5171521035598703,43.6924613467457,7.8,4.2,6.1,34.027833223342896
16.0,19.8,100.0,0.059079431721296115,100.0590794317213,40.5875,2.5180555555555553,100.4649544317213,2.1,8.0,6.1,34.027833223342896
18.8,15.8,37.6,22.50470508697062,60.104705086970625,34.21249999999999,2.518762088974855,60.44683008697063,13.3,3.2,6.1,34.027833223342896
11.0,23.0,71.05,0.0,71.05,30.525000000000002,2.5193693693693695,71.35525,0.0,6.8,6.0,34.027833223342896
14.7,17.0,72.16250000000001,0.09752794114361817,72.26002794114363,33.15,2.5196050096339113,72.59152794114364,2.2,7.3,6.0,34.027833223342896
17.0,13.2,62.5125,9.496106058419373,72.00860605841937,36.75000000000001,2.5195993589743595,72.37610605841938,7.6,5.1,6.0,34.027833223342896
15.8,14.8,41.43750000000001,5.1072420938775664,46.54474209387757,50.324999999999996,2.5196577095329493,47.047992093877575,9.3,4.5,6.0,34.027833223342896
13.1,18.1,60.70000000000001,0.5263430695934685,61.226343069593476,54.074999999999996,2.5198116219667943,61.76709306959348,4.2,5.6,6.0,34.027833223342896
13.8,16.3,43.449999999999996,2.3830063024339965,45.83300630243399,36.66250000000001,2.519789674952199,46.19963130243399,6.9,4.4,5.9,34.027833223342896
12.0,17.3,54.37500000000001,0.23564831906361122,54.61064831906362,40.4,2.5196405852417305,55.014648319063625,4.4,5.4,5.8,34.027833223342896
14.3,15.9,64.075,0.9022438105565618,64.97724381055656,37.5625,2.5196349206349207,65.35286881055656,5.6,5.6,5.9,34.027833223342896
13.1,15.6,79.60000000000001,0.19845530140475826,79.79845530140477,37.1375,2.519391634980989,80.16983030140477,3.0,7.4,6.1,34.027833223342896
15.0,12.5,80.725,0.6433146544896465,81.36831465448964,47.475,2.5189595192915877,81.84306465448964,4.7,6.8,6.0,34.027833223342896
16.1,11.2,73.17500000000001,2.186100077373216,75.36110007737322,42.8,2.5184974747474747,75.78910007737322,7.6,6.4,5.8,34.027833223342896
16.8,13.0,87.50000000000001,0.3225204367180746,87.8225204367181,49.550000000000004,2.518431001890359,88.3180204367181,5.8,7.0,5.8,34.027833223342896
16.6,13.0,66.78750000000001,0.9487061495312581,67.73620614953127,42.7625,2.518333333333333,68.16383114953128,6.1,5.7,6.1,34.027833223342896
14.3,13.0,21.95,7.257655015789728,29.207655015789726,31.112499999999997,2.5178750784682986,29.518780015789726,11.5,2.8,5.9,34.027833223342896
9.8,18.6,56.0625,0.10822928499973039,56.17072928499973,35.337500000000006,2.517590852130326,56.52410428499973,1.7,5.7,6.1,34.027833223342896
12.0,14.2,63.575,0.05993195771207886,63.634931957712084,34.862500000000004,2.516963727329581,63.98355695771208,2.8,6.4,5.9,34.027833223342896
11.8,11.1,36.45,1.3618560778037057,37.81185607780371,54.425,2.515823970037453,38.35610607780371,6.3,4.8,5.8,34.027833223342896
12.9,11.6,62.6,0.5594483901617892,63.15944839016179,74.46249999999999,2.5149376947040496,63.90407339016179,5.5,5.2,5.9,34.027833223342896
18.7,11.2,69.4875,1.6653077258610587,71.15280772586105,36.975,2.514894278606965,71.52255772586105,8.0,6.3,6.0,34.027833223342896
17.6,13.2,65.2,4.002470092698342,69.20247009269835,37.03750000000001,2.5149906890130356,69.57284509269834,9.1,5.6,5.9,34.027833223342896
20.1,16.4,87.49999999999999,1.1147628287394178,88.6147628287394,42.66250000000001,2.5159696406443617,89.0413878287394,5.5,7.0,5.9,34.027833223342896
17.4,16.0,15.65,29.167042236101736,44.817042236101734,28.037499999999998,2.516465677179963,45.097417236101734,13.8,2.2,5.9,34.027833223342896
10.0,23.9,69.4625,0.0111224575822406,69.47362245758225,31.637500000000003,2.517037037037037,69.78999745758225,1.4,6.7,5.9,34.027833223342896
13.4,19.4,84.11250000000001,0.04756663782196693,84.16006663782198,32.475,2.517436845348121,84.48481663782198,2.7,7.5,6.0,34.027833223342896
13.8,16.1,37.300000000000004,1.06277983194053,38.362779831940536,37.362500000000004,2.5173892988929887,38.73640483194053,7.4,4.4,6.1,34.027833223342896
14.7,17.4,60.02499999999999,1.4378765738261867,61.46287657382618,35.175,2.51767955801105,61.81462657382618,6.7,5.6,6.0,34.027833223342896
12.0,18.1,74.75,0.20178704533560105,74.9517870453356,28.35,2.5176623774509808,75.23528704533561,3.2,7.0,6.0,34.027833223342896
14.1,15.3,84.12499999999999,0.06851772762142135,84.19351772762141,35.0375,2.517538226299694,84.54389272762141,3.7,7.0,6.1,34.027833223342896
14.3,12.9,93.225,0.10923949422819365,93.33423949422819,33.6,2.5170787545787543,93.67023949422818,3.4,7.8,6.0,34.027833223342896
18.7,10.3,79.2875,0.6881731345806839,79.97567313458067,34.387499999999996,2.5168951858622792,80.31954813458067,7.2,6.7,5.7,34.027833223342896
19.3,11.8,54.28750000000001,19.72439481226164,74.01189481226164,56.025,2.517031630170316,74.57214481226164,11.7,4.7,6.0,34.027833223342896
14.9,17.5,96.6125,0.048543391077066046,96.66104339107706,39.975,2.517364905889496,97.06079339107706,1.9,7.9,6.0,34.027833223342896
16.2,13.4,84.10000000000001,0.2825951714892449,84.38259517148926,37.8,2.517272727272727,84.76059517148926,4.7,7.4,6.0,34.027833223342896
17.6,12.1,81.39999999999999,1.8782848794955453,83.27828487949553,40.5625,2.5171960072595283,83.68390987949553,6.9,6.8,5.9,34.027833223342896
16.3,13.1,75.9,1.6337045528301244,77.53370455283013,45.887499999999996,2.5170742753623188,77.99257955283014,8.0,6.6,5.9,34.027833223342896
12.4,15.2,50.824999999999996,1.0091224578262643,51.83412245782626,53.69999999999999,2.5166817359855336,52.37112245782626,5.0,4.6,6.0,34.027833223342896
15.4,14.2,98.175,0.06008847893752853,98.23508847893753,33.675000000000004,2.5165914560770157,98.57183847893752,2.6,8.4,6.0,34.027833223342896
15.2,10.8,63.17499999999999,2.632310510476907,65.8073105104769,46.78750000000001,2.5159609609609612,66.2751855104769,8.2,5.6,5.9,34.027833223342896
14.9,13.1,69.80000000000001,0.3533487640451549,70.15334876404516,78.75,2.5156324940047963,70.94084876404516,5.4,6.4,6.0,34.027833223342896
13.5,12.5,68.6625,0.2699743939224732,68.93247439392246,58.94999999999999,2.5150059844404544,69.52197439392246,2.9,6.3,6.0,34.027833223342896
14.5,9.4,63.30000000000001,0.35683216167256726,63.656832161672575,39.5875,2.514068100358423,64.05270716167257,6.0,5.4,5.9,34.027833223342896
12.7,9.5,29.4,6.2766834647766565,35.67668346477666,38.599999999999994,2.5128801431127012,36.06268346477666,9.3,3.0,5.8,34.027833223342896
14.4,13.0,44.574999999999996,2.3605315910711764,46.935531591071175,44.85,2.5124702380952377,47.38403159107118,8.1,4.4,6.0,34.027833223342896
16.8,15.1,64.10000000000001,0.9182606405788577,65.01826064057887,40.93750000000001,2.5127302436125967,65.42763564057887,6.6,5.8,5.9,34.027833223342896
16.3,15.8,71.7125,1.8154273626353803,73.52792736263538,35.699999999999996,2.513018979833926,73.88492736263538,7.9,6.1,6.0,34.027833223342896
16.3,17.7,70.46249999999999,1.8682136191903491,72.33071361919033,40.150000000000006,2.5135879218472468,72.73221361919033,6.7,6.3,6.2,34.027833223342896
15.7,18.2,93.89999999999999,0.5653189252004395,94.46531892520044,37.4375,2.514140070921986,94.83969392520044,3.9,7.8,6.1,34.027833223342896
13.1,16.0,59.8625,0.38650751671948175,60.24900751671948,33.9875,2.5139823008849556,60.58888251671948,3.9,6.1,6.1,34.027833223342896
13.6,13.8,75.675,0.20225004594657045,75.87725004594657,32.7625,2.5135747938751476,76.20487504594657,3.8,6.6,5.9,34.027833223342896
10.8,11.7,53.712500000000006,0.11158043304066696,53.82408043304067,33.8125,2.512448559670782,54.16220543304067,3.3,6.1,5.9,34.027833223342896
13.2,9.1,17.5625,11.339705322498022,28.90220532249802,70.6125,2.5112969483568075,29.60833032249802,10.3,2.5,5.7,34.027833223342896
8.7,13.7,34.8125,1.0252685463807507,35.83776854638075,62.112500000000004,2.5101640304628003,36.45889354638075,4.5,3.7,6.1,34.027833223342896
13.3,12.1,65.85,0.6089997420334751,66.45899974203347,39.15,2.5094736842105263,66.85049974203346,5.7,6.0,6.0,34.027833223342896
11.6,11.8,51.9375,0.39571054542531425,52.33321054542532,35.400000000000006,2.5084938704028024,52.687210545425316,5.1,5.1,6.0,34.027833223342896
13.0,10.9,25.999999999999996,2.8709269036221,28.870926903622095,41.837500000000006,2.5075903263403263,29.289301903622096,8.2,3.4,5.9,34.027833223342896
11.7,13.2,51.21249999999999,0.5184230274979504,51.730923027497944,33.6,2.506835369400814,52.06692302749794,5.5,5.3,6.0,34.027833223342896
16.5,12.7,62.8375,0.9078507772648944,63.745350777264896,41.849999999999994,2.506707317073171,64.1638507772649,6.6,5.3,6.0,34.027833223342896
20.0,13.3,62.5,7.008297817637136,69.50829781763714,46.887499999999996,2.507173913043478,69.97717281763714,11.9,5.0,6.1,34.027833223342896
14.5,19.1,85.6875,0.0503961631930239,85.73789616319303,30.275000000000002,2.507682291666667,86.04064616319303,2.6,7.5,5.8,34.027833223342896
15.9,15.9,53.837500000000006,9.77709298113506,63.61459298113507,35.875,2.5079289428076255,63.97334298113507,8.1,5.3,6.2,34.027833223342896
17.4,17.8,71.60000000000001,0.6821024735357369,72.28210247353574,45.06249999999999,2.50866493656286,72.73272747353575,5.7,6.4,5.9,34.027833223342896
18.0,17.6,63.6375,2.150023187523668,65.78752318752368,36.6875,2.5094559585492227,66.15439818752367,7.5,5.7,6.1,34.027833223342896
16.6,19.0,87.5125,0.2174371088912129,87.72993710889122,42.75000000000001,2.5102442528735636,88.15743710889122,3.8,7.1,6.0,34.027833223342896
15.3,16.8,58.9125,1.9125891945141145,60.82508919451411,35.862500000000004,2.5105278255880665,61.18371419451412,7.7,5.7,6.1,34.027833223342896
15.6,18.4,88.29999999999998,0.4473694374750293,88.74736943747502,35.012499999999996,2.511082474226804,89.09749443747502,4.4,7.4,5.9,34.027833223342896
15.7,16.9,71.95,0.7970430209005227,72.74704302090052,38.4,2.511435105774729,73.13104302090052,6.1,6.2,6.0,34.027833223342896
15.8,17.0,93.89999999999999,0.052484166220975355,93.95248416622097,34.225,2.5118150684931506,94.29473416622098,2.5,7.8,6.2,34.027833223342896
19.3,13.3,65.2,6.325927001416624,71.52592700141663,35.325,2.512165242165242,71.87917700141664,10.0,5.6,6.0,34.027833223342896
17.9,17.3,73.1875,3.1756720443307005,76.3631720443307,39.05,2.512883959044369,76.7536720443307,8.0,6.5,5.8,34.027833223342896
14.7,19.5,97.4125,0.0331456338082799,97.44564563380827,37.35,2.513458262350937,97.81914563380828,2.2,8.3,6.0,34.027833223342896
20.2,15.7,75.0,8.363614307549252,83.36361430754926,43.337500000000006,2.514271541950113,83.79698930754925,10.6,6.0,5.9,34.027833223342896
13.9,20.4,50.4375,2.9332069541417547,53.37070695414175,38.4875,2.5148556876061123,53.75558195414175,6.5,4.5,6.1,34.027833223342896
17.9,20.8,87.49999999999999,0.3192549037573249,87.81925490375731,38.025000000000006,2.516059322033898,88.19950490375732,4.9,7.0,6.0,34.027833223342896
18.0,19.7,64.1,6.506419665856278,70.60641966585627,32.75,2.5171178793006206,70.93391966585627,7.5,5.8,5.8,34.027833223342896
15.1,21.4,99.99999999999997,0.11951964108393512,100.11951964108391,32.39999999999999,2.5180039414414415,100.44351964108391,3.0,8.0,6.0,34.027833223342896
15.4,18.4,102.69999999999999,0.08371193262161818,102.7837119326216,32.7125,2.5185075885328834,103.1108369326216,2.2,8.6,6.1,34.027833223342896
15.4,14.5,93.89999999999999,0.33671481413629056,94.23671481413628,34.3375,2.518462401795735,94.58008981413627,3.8,7.8,5.9,34.027833223342896
19.8,12.4,75.0125,3.367990869971881,78.38049086997188,34.637499999999996,2.51873949579832,78.72686586997187,7.7,6.1,5.9,34.027833223342896
17.7,14.2,65.61250000000001,2.7914604611216247,68.40396046112164,40.5625,2.5189737136465324,68.80958546112164,9.4,5.9,5.9,34.027833223342896
13.9,17.7,33.6875,2.670601598276712,36.35810159827671,47.93750000000001,2.5191652707984367,36.83747659827671,8.6,3.7,6.1,34.027833223342896
11.1,20.2,55.05,0.08697694398881324,55.13697694398881,37.737500000000004,2.519314381270903,55.514351943988814,3.1,6.0,6.1,34.027833223342896
13.9,17.2,60.58749999999999,0.6069662011480906,61.19446620114808,43.6625,2.5194351697273234,61.63109120114808,4.5,5.9,6.1,34.027833223342896
13.1,15.6,50.412500000000016,0.47730171446604874,50.88980171446607,44.775,2.519222222222222,51.337551714466066,6.1,4.9,6.0,34.027833223342896
15.0,15.7,42.1,2.0638404011568166,44.16384040115682,61.425,2.519287298946201,44.77809040115682,7.3,4.4,6.0,34.027833223342896
14.6,17.0,85.6875,0.20708798038831963,85.89458798038832,34.887499999999996,2.5194767441860466,86.24346298038833,3.7,7.5,6.1,34.027833223342896
12.3,14.6,75.45,0.21263285505712082,75.66263285505713,43.487500000000004,2.519016030956329,76.09750785505713,1.8,6.6,5.9,34.027833223342896
14.3,10.5,74.3125,0.42744107401955367,74.73994107401955,48.375000000000014,2.5182671081677706,75.22369107401956,5.1,6.5,6.0,34.027833223342896
14.4,9.6,63.31250000000001,1.3421970929189388,64.65469709291895,58.837500000000006,2.5174104683195595,65.24307209291895,7.5,5.5,5.7,34.027833223342896
16.2,11.4,56.7375,4.13955274913321,60.877052749133206,84.72500000000001,2.517051705170517,61.72430274913321,8.0,5.1,5.8,34.027833223342896
21.1,13.6,75.0,13.501023955784266,88.50102395578426,49.125000000000014,2.517668863261944,88.99227395578426,9.8,6.0,6.0,34.027833223342896
17.8,17.4,90.51249999999999,0.6385504748826183,91.15105047488261,32.1625,2.518352521929825,91.4726754748826,5.9,7.7,5.9,34.027833223342896
15.9,17.4,72.6375,0.6275768789547654,73.26507687895477,37.87500000000001,2.5187739463601533,73.64382687895477,5.4,6.9,6.0,34.027833223342896
13.9,16.8,61.0125,1.0138600013629797,62.02636000136298,44.5625,2.5188387978142077,62.47198500136298,6.6,5.7,6.1,34.027833223342896
15.9,17.3,100.89999999999999,0.11974652650988508,101.01974652650988,34.5625,2.5192444080741954,101.36537152650988,1.3,8.6,5.9,34.027833223342896
20.7,12.7,50.8,22.609098737370715,73.40909873737071,30.7375,2.519675925925926,73.7164737373707,12.2,4.4,5.9,34.027833223342896
14.1,19.0,59.1875,1.3071711345641353,60.494671134564136,37.150000000000006,2.5200652528548124,60.866171134564134,6.3,6.1,6.2,34.027833223342896
17.1,19.1,76.5625,2.915243802441925,79.47774380244192,40.5125,2.5208740499457116,79.88286880244192,5.8,6.5,6.1,34.027833223342896
16.1,18.8,69.48749999999998,1.0803139513712892,70.56781395137128,35.775,2.521504065040651,70.92556395137127,6.8,6.3,6.0,34.027833223342896
15.7,19.6,102.69999999999999,0.11782660800915364,102.81782660800914,45.525000000000006,2.5221861471861473,103.27307660800915,2.3,8.6,6.0,34.027833223342896
16.2,15.9,64.86250000000001,1.0572914791982535,65.91979147919827,40.95,2.5224338195569964,66.32929147919826,6.4,5.9,6.0,34.027833223342896
16.9,16.3,112.5,0.14055592469877343,112.64055592469877,34.9,2.522829018338727,112.98955592469878,1.6,9.0,6.2,34.027833223342896
20.2,11.7,56.737500000000004,5.306590912611581,62.04409091261159,31.0375,2.523047926763597,62.35446591261159,10.5,5.1,5.9,34.027833223342896
17.2,16.3,68.9,2.6530558467511374,71.55305584675115,50.2375,2.523481182795699,72.05543084675115,8.8,5.8,5.9,34.027833223342896
15.4,19.2,102.69999999999999,0.20494797751206542,102.90494797751205,34.425000000000004,2.5240606548577564,103.24919797751205,1.8,8.6,6.0,34.027833223342896
20.8,15.0,68.9,9.588907452613268,78.48890745261328,35.775000000000006,2.5247990353697753,78.84665745261327,9.4,5.8,6.0,34.027833223342896
18.5,18.4,75.0,5.196462712375276,80.19646271237528,34.725,2.525682182985554,80.54371271237528,8.5,6.0,6.0,34.027833223342896
15.2,20.9,69.91250000000001,0.31695546231244304,70.22945546231246,37.2625,2.5264556623931624,70.60208046231246,5.6,6.7,5.9,34.027833223342896
15.3,20.6,90.99999999999999,0.03389683129970465,91.03389683129969,43.125,2.5271999999999997,91.46514683129969,1.3,8.0,6.0,34.027833223342896
17.8,15.9,83.1,0.09157740592122787,83.19157740592122,39.0625,2.5276490947816823,83.58220240592122,3.1,7.8,5.9,34.027833223342896
21.5,13.1,62.5,12.698543573392845,75.19854357339284,57.275000000000006,2.528216374269006,75.77129357339284,11.8,5.0,5.8,34.027833223342896
18.8,19.1,77.8,3.202034167630073,81.00203416763007,33.06249999999999,2.5292197452229304,81.33265916763007,6.6,6.8,5.9,34.027833223342896
17.6,19.8,57.2,8.179790384840372,65.37979038484038,40.724999999999994,2.53015368309486,65.78704038484038,10.4,5.2,6.0,34.027833223342896
14.1,24.2,94.7875,0.18514899510342286,94.97264899510341,36.762499999999996,2.531203703703704,95.34027399510342,2.6,8.3,6.1,34.027833223342896
17.0,20.7,93.35,0.11372442583548546,93.46372442583548,34.1875,2.5321711568938197,93.80559942583548,1.9,8.2,5.9,34.027833223342896
18.3,16.7,66.775,10.410623884205382,77.18562388420538,37.112500000000004,2.5327795358649787,77.55674888420539,6.6,6.2,5.9,34.027833223342896
17.7,17.4,75.9,0.9699292700259876,76.86992927002599,52.562499999999986,2.53339915745129,77.395554270026,7.0,6.6,5.9,34.027833223342896
18.8,18.5,71.6125,6.301346243115765,77.91384624311576,69.0875,2.534305993690852,78.60472124311576,8.9,5.9,6.1,34.027833223342896
14.2,21.3,98.51250000000002,0.0,98.51250000000002,39.74999999999999,2.5349737532808403,98.91000000000001,0.0,8.7,6.0,34.027833223342896
16.6,15.3,71.9125,1.2133388247987056,73.1258388247987,47.25,2.535167714884696,73.5983388247987,6.3,6.5,6.0,34.027833223342896
13.4,15.6,79.3,0.060304753943278,79.36030475394328,38.387499999999996,2.534981684981685,79.74417975394329,2.1,7.4,5.9,34.027833223342896
11.4,11.8,53.150000000000006,0.3689522831212667,53.51895228312127,46.27499999999999,2.534038662486938,53.98170228312127,4.1,5.2,6.0,34.027833223342896
17.0,9.9,46.625,6.986845159435427,53.611845159435426,55.775,2.5335811163275954,54.169595159435424,10.0,4.0,5.8,34.027833223342896
11.5,14.1,23.9625,1.6904443247418166,25.652944324741814,36.587500000000006,2.532955729166667,26.018819324741813,8.1,3.3,5.9,34.027833223342896
12.2,16.3,85.7875,0.014587879828564587,85.80208787982856,44.85,2.532709308372335,86.25058787982856,1.9,7.7,6.0,34.027833223342896
13.9,12.2,51.66249999999999,1.5969593812564187,53.259459381256406,42.66250000000001,2.5321521287642783,53.68608438125641,7.4,4.7,5.9,34.027833223342896
9.7,13.7,65.39999999999999,0.06174657182819402,65.46174657182819,32.775,2.531246759979264,65.78949657182818,1.0,6.6,6.0,34.027833223342896
16.9,8.7,27.700000000000003,15.970568897870605,43.67056889787061,33.3,2.5306288819875777,44.00356889787061,12.6,3.2,6.0,34.027833223342896
12.6,15.3,78.00000000000001,0.1815237764357568,78.18152377643577,49.71249999999999,2.5303100775193803,78.67864877643576,3.7,7.2,5.9,34.027833223342896
12.1,13.1,46.75,0.20956840867167015,46.95956840867167,46.8,2.529643962848297,47.427568408671675,4.2,5.0,6.0,34.027833223342896
19.3,11.3,75.0,5.119956631780267,80.11995663178027,35.3375,2.5296754250386404,80.47333163178027,9.7,6.0,6.1,34.027833223342896
14.3,14.9,61.02499999999999,1.3241195996522974,62.34911959965229,47.625,2.5295267489711937,62.82536959965229,6.7,5.8,6.0,34.027833223342896
13.2,15.6,79.63749999999999,0.22627314014590352,79.8637731401459,40.800000000000004,2.5293271700051365,80.2717731401459,2.0,7.1,6.0,34.027833223342896
19.0,11.6,75.80000000000001,1.7206922860083598,77.52069228600837,36.3,2.529358974358974,77.88369228600837,7.0,6.4,6.0,34.027833223342896
18.8,12.6,62.5,18.54988074413445,81.04988074413446,41.825,2.5294930875576034,81.46813074413446,11.7,5.0,5.8,34.027833223342896
15.9,18.5,69.0,0.35086171345613515,69.35086171345614,47.25,2.5300102249488754,69.82336171345614,5.0,6.0,6.0,34.027833223342896
16.5,17.5,81.4125,0.24434562167680285,81.6568456216768,38.61249999999999,2.530474732006126,82.0429706216768,4.8,6.9,5.9,34.027833223342896
15.3,16.4,66.3375,0.39114417736722,66.72864417736723,37.05,2.530644750254842,67.09914417736724,5.7,6.3,6.0,34.027833223342896
12.4,16.1,71.72500000000001,0.7411288221950636,72.46612882219507,50.625,2.530407124681934,72.97237882219507,4.5,6.8,6.0,34.027833223342896
11.4,14.6,77.70000000000002,0.016656164001353627,77.71665616400136,45.975,2.5298526422764227,78.17640616400136,1.9,7.2,6.0,34.027833223342896
16.3,10.5,84.11250000000001,0.9264463045855432,85.03894630458555,64.1125,2.5294013191273463,85.68007130458555,4.3,6.9,5.9,34.027833223342896
18.8,8.9,60.67500000000001,11.087641498147462,71.76264149814747,45.8,2.529065349544073,72.22064149814747,10.2,5.4,5.8,34.027833223342896
15.6,13.3,69.23750000000001,6.230120613901036,75.46762061390105,62.224999999999994,2.528882144663632,76.08987061390104,7.6,6.1,5.8,34.027833223342896
16.8,15.1,64.86250000000001,1.8996093371774325,66.76210933717745,48.900000000000006,2.5290782828282827,67.25110933717745,7.5,5.9,6.0,34.027833223342896
16.1,16.6,78.00000000000001,0.3072405252805718,78.30724052528059,46.125,2.5293746848209784,78.7684905252806,4.9,7.2,6.0,34.027833223342896
16.2,15.5,75.0125,0.20264886345203334,75.21514886345203,34.55,2.5295443101711985,75.56064886345203,5.2,6.1,5.8,34.027833223342896
20.0,14.9,74.3125,5.7150008697024965,80.0275008697025,36.324999999999996,2.530115635997989,80.39075086970249,8.9,6.5,6.2,34.027833223342896
18.7,17.6,50.3375,9.825847114565365,60.16334711456536,51.07500000000002,2.5308609437751004,60.67409711456536,10.9,4.3,6.0,34.027833223342896
17.0,22.5,70.28750000000001,0.5096354487479181,70.79713544874792,37.725,2.5320050125313283,71.17438544874793,6.1,6.7,6.0,34.027833223342896
12.5,22.6,102.46249999999999,0.0,102.46249999999999,30.675,2.532595095095095,102.76924999999999,0.0,9.1,6.0,34.027833223342896
14.8,16.6,94.02499999999999,0.0863740951680455,94.11137409516803,30.2125,2.532721139430285,94.41349909516804,2.8,8.2,5.9,34.027833223342896
13.7,13.5,22.700000000000003,3.0122346647882736,25.712234664788276,39.6625,2.5323228542914173,26.108859664788277,9.5,3.4,5.9,34.027833223342896
13.3,17.1,103.01249999999999,0.030804708386268868,103.04330470838626,39.0,2.5323243647234674,103.43330470838626,0.8,8.7,6.0,34.027833223342896
13.9,11.9,72.05,0.18326642424590678,72.2332664242459,35.0125,2.531753731343284,72.5833914242459,3.7,6.4,5.9,34.027833223342896
13.5,9.7,41.862500000000004,11.81303275320949,53.675532753209495,41.9,2.5308618976651767,54.09453275320949,6.3,4.3,5.8,34.027833223342896
14.1,10.2,29.624999999999996,3.5309005176298465,33.155900517629846,79.4625,2.5301091269841267,33.95052551762985,9.7,3.0,5.7,34.027833223342896
10.7,14.2,49.73750000000001,0.2619767797097127,49.999476779709724,41.9875,2.5294328875681034,50.41935177970972,3.5,5.5,5.9,34.027833223342896
11.6,11.8,39.475,0.7591237656190329,40.23412376561903,38.65,2.5285731948565777,40.62062376561903,6.5,5.0,6.2,34.027833223342896
11.5,12.1,53.512499999999996,0.37695295695091585,53.88945295695091,44.2875,2.5277407407407404,54.33232795695091,4.5,5.1,6.3,34.027833223342896
16.4,10.3,62.6,2.348846035388458,64.94884603538846,56.63750000000002,2.527292899408284,65.51522103538845,8.5,5.2,5.5,34.027833223342896
16.4,13.3,53.837500000000006,4.412142323069041,58.24964232306905,37.8,2.527215657311669,58.62764232306905,8.1,5.3,6.0,34.027833223342896
14.4,15.4,77.70000000000002,0.20894496891225842,77.90894496891228,42.45000000000001,2.527150934119961,78.33344496891227,3.5,6.6,6.0,34.027833223342896
19.5,12.9,56.400000000000006,16.410483513041665,72.81048351304167,38.10000000000001,2.527405498281787,73.19148351304167,12.2,4.8,6.0,34.027833223342896
15.7,19.1,84.10000000000001,0.10193620679690965,84.20193620679692,33.5125,2.5279534313725494,84.53706120679692,4.3,7.4,5.9,34.027833223342896
15.4,17.5,49.574999999999996,0.47167495197159987,50.046674951971596,36.012499999999996,2.528267254038179,50.40679995197159,6.6,5.4,6.1,34.027833223342896
10.8,18.0,78.13749999999999,0.1063519826800793,78.24385198268007,32.375,2.5280791788856303,78.56760198268007,1.3,7.1,5.8,34.027833223342896
14.8,13.5,84.4125,0.47245979503391683,84.88495979503391,33.8,2.5278306490971203,85.2229597950339,4.5,7.5,5.8,34.027833223342896
12.4,12.2,47.2,1.544727026670101,48.744727026670105,47.975,2.527132066276803,49.22447702667011,5.2,5.0,5.8,34.027833223342896
11.5,11.6,71.7125,0.2425468651827395,71.95504686518275,44.45000000000001,2.526253041362531,72.39954686518276,2.4,6.1,5.8,34.027833223342896
8.9,8.2,34.75,0.03973525362560015,34.7897352536256,43.862500000000004,2.5246477162293486,35.2283602536256,3.3,5.0,5.9,34.027833223342896
9.0,5.6,35.800000000000004,0.3272861041790635,36.12728610417907,73.9375,2.5227438136826783,36.86666110417907,4.5,3.8,4.7,34.027833223342896
12.7,5.4,34.5125,4.523775322647405,39.036275322647406,109.91250000000004,2.521269379844961,40.135400322647406,8.3,3.7,5.1,34.027833223342896
14.6,8.6,50.112500000000004,9.111651195187163,59.22415119518717,93.66250000000001,2.520416061925496,60.16077619518717,8.4,4.3,5.9,34.027833223342896
12.9,11.1,59.550000000000004,0.4533116344646232,60.00331163446463,51.887499999999996,2.519661835748792,60.52218663446463,5.4,5.4,5.9,34.027833223342896
6.8,10.6,51.712500000000006,0.06678065590965812,51.779280655909666,48.962500000000006,2.518113844669561,52.26890565590966,1.2,5.1,5.9,34.027833223342896
17.3,5.9,50.9,4.25233239225905,55.15233239225905,41.05,2.5172687861271674,55.56283239225905,10.7,4.6,5.6,34.027833223342896
12.8,11.0,32.0875,5.771214289560641,37.85871428956064,93.21249999999999,2.5164983164983163,38.79083928956064,8.7,3.5,5.9,34.027833223342896
9.8,13.8,52.112500000000004,0.02704267526776345,52.13954267526777,34.150000000000006,2.515706051873199,52.48104267526777,1.8,5.9,6.2,34.027833223342896
16.7,9.4,46.71249999999999,5.05513956573999,51.767639565739984,41.93749999999999,2.515215827338129,52.187014565739986,9.8,4.1,6.1,34.027833223342896
15.6,13.1,78.0125,0.45200559835050674,78.46450559835051,46.125,2.515038314176245,78.92575559835052,4.5,6.7,6.0,34.027833223342896
20.3,11.6,66.78750000000001,10.100148783994904,76.8876487839949,31.637500000000003,2.515243902439024,77.2040237839949,11.3,5.7,5.9,34.027833223342896
15.5,17.0,55.18750000000001,1.6414158525700007,56.828915852570006,49.637499999999996,2.5155205348615093,57.32529085257001,8.0,5.3,5.9,34.027833223342896
18.2,19.1,78.03750000000001,1.8462561626029164,79.88375616260292,31.937499999999996,2.516368621840725,80.20313116260292,6.3,6.9,5.9,34.027833223342896
17.7,19.5,52.46250000000001,8.141575518556305,60.604075518556314,39.5125,2.5172023809523814,60.999200518556314,9.9,5.1,5.9,34.027833223342896
16.1,23.5,53.025,3.074862499528235,56.099862499528236,46.81250000000001,2.518319067998098,56.567987499528236,9.3,4.8,6.1,34.027833223342896
13.8,26.7,94.48749999999998,0.016824807844944965,94.50432480784492,26.45,2.5195394112060776,94.76882480784492,2.0,8.3,5.8,34.027833223342896
13.1,22.9,94.025,0.03341179214669965,94.0584117921467,28.712500000000002,2.5202228544333805,94.3455367921467,1.2,8.2,5.9,34.027833223342896
20.1,18.2,100.0,0.5539981117051214,100.55399811170513,29.937500000000004,2.5211766098484847,100.85337311170512,6.0,8.0,6.1,34.027833223342896
16.5,18.1,65.5,1.1427319583164568,66.64273195831646,35.18750000000001,2.5216903073286057,66.99460695831647,6.6,6.2,6.1,34.027833223342896
15.8,18.6,51.237500000000004,4.838870708853847,56.07637070885385,50.324999999999996,2.5221789423984893,56.57962070885385,9.1,4.9,6.0,34.027833223342896
12.2,21.7,89.9625,0.04237244403253222,90.00487244403254,36.762499999999996,2.5226072607260726,90.37249744403255,1.7,8.1,6.1,34.027833223342896
16.4,17.3,90.2,0.17208505908485874,90.37208505908487,31.325000000000003,2.5230108286252353,90.68533505908486,4.3,7.6,5.8,34.027833223342896
17.8,15.8,77.7,5.104635870450121,82.80463587045013,29.2375,2.523401504466385,83.09701087045013,7.8,6.6,5.9,34.027833223342896
12.2,17.7,59.537499999999994,0.5601419425115404,60.09764194251154,37.95,2.523356807511737,60.47714194251154,4.5,5.9,6.0,34.027833223342896
16.0,16.2,57.53750000000001,1.7164771170850481,59.25397711708506,38.625,2.5235818096577587,59.640227117085054,7.6,5.5,6.0,34.027833223342896
14.7,17.8,71.7125,0.3998647972530883,72.1123647972531,39.275000000000006,2.5238412921348314,72.5051147972531,4.3,6.1,5.8,34.027833223342896
15.5,16.3,63.650000000000006,0.5336745017216408,64.18367450172164,34.5625,2.5240182328190746,64.52929950172164,4.9,5.8,5.9,34.027833223342896
14.9,15.3,100.09999999999998,0.041966551144513274,100.14196655114449,31.5,2.524007936507936,100.45696655114449,2.3,8.2,6.0,34.027833223342896
18.8,11.6,75.9,8.369774051717627,84.26977405171763,35.25,2.524020979020979,84.62227405171764,7.9,6.6,6.0,34.027833223342896
13.1,13.5,72.85,0.3158453320814829,73.16584533208147,50.61249999999999,2.5235917132216015,73.67197033208147,3.8,6.8,5.9,34.027833223342896
14.6,11.4,32.975,6.541000017589074,39.51600001758908,58.50000000000001,2.5230939098093907,40.10100001758908,11.1,3.4,6.0,34.027833223342896
13.8,16.5,100.01249999999999,0.0631537857719937,100.07565378577198,35.375,2.5230965645311048,100.42940378577198,1.4,8.1,5.8,34.027833223342896
14.0,12.1,58.550000000000004,0.28588682049890557,58.83588682049891,37.27499999999999,2.5226124246638846,59.20863682049891,6.2,5.8,6.0,34.027833223342896
12.8,12.3,75.4375,0.13546388382174213,75.57296388382174,46.8,2.522013888888889,76.04096388382175,3.4,6.5,6.0,34.027833223342896
18.2,9.7,57.962500000000006,4.2080696210639426,62.17056962106395,39.24999999999999,2.521740638002774,62.563069621063946,8.5,5.3,5.6,34.027833223342896
18.9,12.6,75.0,21.89426724884461,96.89426724884461,48.425,2.5218836565096954,97.37851724884462,11.1,6.0,5.8,34.027833223342896
13.1,17.9,62.6,0.8859436162314521,63.48594361623145,50.625,2.5219686491470723,63.992193616231454,5.3,5.2,6.0,34.027833223342896
16.1,17.2,52.800000000000004,2.603203501339151,55.403203501339156,34.575,2.5223181399631676,55.74895350133916,8.4,4.8,6.0,34.027833223342896
17.7,19.6,64.8625,3.962002381219666,68.82450238121966,34.675,2.5231264367816086,69.17125238121966,8.8,5.9,6.2,34.027833223342896
11.7,22.2,40.475,1.051175731327091,41.52617573132709,33.074999999999996,2.5235422405876955,41.856925731327095,5.4,5.2,6.0,34.027833223342896
15.4,21.6,65.50000000000001,1.5661749547006993,67.06617495470071,34.962500000000006,2.524312242090784,67.41579995470072,7.0,6.2,6.1,34.027833223342896
17.1,22.5,62.525000000000006,2.482299942953208,65.00729994295321,30.825000000000003,2.5253777472527474,65.31554994295321,7.3,5.2,6.0,34.027833223342896
17.6,23.8,90.2,0.23144280074284956,90.43144280074286,30.299999999999997,2.5266460905349795,90.73444280074285,2.3,7.6,6.0,34.027833223342896
14.9,20.1,85.0125,0.016893021054404753,85.0293930210544,27.05,2.5271803652968035,85.2998930210544,1.8,7.5,5.8,34.027833223342896
16.2,16.1,44.4625,3.6358347727007967,48.098334772700795,31.887500000000003,2.527405380756954,48.417209772700794,9.9,4.7,6.1,34.027833223342896
10.8,19.9,63.71249999999999,0.593617655489234,64.30611765548923,33.287499999999994,2.527447632058288,64.63899265548923,3.1,6.3,5.9,34.027833223342896
11.2,17.1,64.175,0.32442399984677145,64.49942399984677,46.57500000000001,2.527216916780355,64.96517399984677,3.3,5.8,6.0,34.027833223342896
15.1,14.4,84.2125,0.178154276970538,84.39065427697054,36.8375,2.5271230699364216,84.75902927697054,4.8,7.1,6.1,34.027833223342896
14.4,13.1,62.85,1.8221130924863853,64.67211309248638,45.125,2.5268027210884356,65.12336309248639,6.3,5.4,5.8,34.027833223342896
11.4,13.6,56.65,0.14119735426567476,56.79119735426568,47.0125,2.52620018115942,57.26132235426568,3.8,5.6,5.9,34.027833223342896
13.5,11.5,73.9875,0.38744491083865334,74.37494491083865,41.10000000000001,2.5255992763455444,74.78594491083865,4.2,6.9,6.0,34.027833223342896
17.2,9.7,66.7875,2.096286950659522,68.88378695065951,40.77499999999999,2.5252145438121048,69.2915369506595,8.4,5.7,5.8,34.027833223342896
10.8,12.3,65.95,0.04861201277589796,65.9986120127759,40.475,2.5244023455119526,66.4033620127759,2.3,6.2,5.8,34.027833223342896
15.6,8.8,51.66249999999999,4.19858218104254,55.861082181042526,33.9375,2.523738738738739,56.20045718104252,9.7,4.7,5.7,34.027833223342896
14.0,12.8,47.7625,0.6594462351947878,48.42194623519479,59.9125,2.5233468286099865,49.02107123519479,6.0,4.7,5.9,34.027833223342896
12.2,12.9,62.85,0.37984535776274164,63.22984535776274,53.324999999999996,2.5227650494159928,63.763095357762744,4.6,5.4,6.0,34.027833223342896
14.5,11.5,100.29999999999998,0.11017109320520374,100.4101710932052,31.412500000000005,2.522285778375953,100.7242960932052,2.2,8.6,5.9,34.027833223342896
15.6,7.8,34.45,7.4309164315908,41.880916431590805,45.887499999999996,2.5215165770609316,42.339791431590804,11.0,3.2,5.9,34.027833223342896
12.9,12.9,46.0625,0.7234770947996394,46.78597709479964,57.487500000000004,2.5210178970917227,47.36085209479964,5.6,4.9,5.7,34.027833223342896
13.8,12.8,85.7125,0.04161746326320496,85.75411746326321,39.074999999999996,2.520609919571046,86.14486746326321,2.0,7.7,6.0,34.027833223342896
18.2,8.8,71.6125,2.049974953949597,73.6624749539496,35.75,2.52024765729585,74.0199749539496,9.2,5.9,5.8,34.027833223342896
17.2,12.2,77.7,1.4657808893044706,79.16578088930447,59.43750000000001,2.5201537433155083,79.76015588930447,6.1,6.6,5.7,34.027833223342896
18.8,12.6,66.78750000000001,7.319510533878377,74.10701053387838,42.975,2.520282599020917,74.53676053387838,8.7,5.7,6.0,34.027833223342896
15.6,15.3,81.0625,0.926529307829611,81.98902930782961,43.03750000000001,2.5203555555555552,82.41940430782961,5.6,7.1,5.9,34.027833223342896
17.8,15.0,79.2875,1.1829075252586516,80.47040752525865,57.400000000000006,2.520639147802929,81.04440752525865,6.1,6.7,6.2,34.027833223342896
14.1,14.9,53.0625,0.3276823800267717,53.39018238002677,53.35000000000001,2.5205008865248226,53.923682380026776,4.5,5.1,6.2,34.027833223342896
16.0,13.2,52.4,3.0278374988598875,55.42783749885989,40.49999999999999,2.5203851261620183,55.83283749885989,7.0,5.2,6.0,34.027833223342896
17.2,14.2,87.8375,0.2073209256981603,88.04482092569816,42.262499999999996,2.5205128205128204,88.46744592569816,5.3,7.3,5.7,34.027833223342896
17.2,13.8,59.11250000000001,1.2722613561752494,60.38476135617526,65.83750000000002,2.520596026490066,61.04313635617526,7.8,5.5,5.9,34.027833223342896
12.8,15.7,39.1625,1.4853119800528298,40.64781198005283,53.012499999999996,2.520403439153439,41.17793698005283,6.2,3.7,5.9,34.027833223342896
19.3,16.0,75.0,5.979193197207953,80.97919319720795,48.52500000000001,2.5209599295464553,81.46444319720794,8.3,6.0,6.0,34.027833223342896
13.6,18.3,74.075,1.893203267441152,75.96820326744115,36.925000000000004,2.521141160949868,76.33745326744115,5.1,7.0,6.2,34.027833223342896
14.1,17.2,76.89999999999999,0.5600035174522203,77.46000351745221,38.025,2.5212560386473433,77.84025351745221,4.0,6.8,6.0,34.027833223342896
14.0,15.2,64.8625,0.0699542164190506,64.93245421641905,39.8875,2.521140350877193,65.33132921641905,3.8,5.9,5.9,34.027833223342896
13.5,13.1,65.6375,0.5718276068396333,66.20932760683964,42.300000000000004,2.5207402540516863,66.63232760683964,3.7,6.1,6.0,34.027833223342896
17.9,10.8,62.61250000000001,5.947472850178787,68.5599728501788,46.2125,2.5205708661417328,69.0220978501788,8.9,5.9,6.1,34.027833223342896
14.4,13.6,71.60000000000002,0.27913820461444777,71.87913820461448,75.83749999999999,2.5203254696373962,72.63751320461448,5.2,6.4,6.1,34.027833223342896
12.7,12.7,82.2,0.00495647810580531,82.20495647810581,50.025000000000006,2.5197971204188483,82.70520647810581,0.5,7.2,6.0,34.027833223342896
16.3,7.2,35.775,14.612245865533128,50.387245865533124,49.16250000000001,2.5190631808278865,50.87887086553312,11.3,3.6,5.7,34.027833223342896
15.4,12.8,29.262499999999996,10.969625770371525,40.232125770371525,72.9125,2.5188424717145343,40.96125077037153,10.1,3.1,5.5,34.027833223342896
13.6,17.4,66.65,0.31216426494066724,66.96216426494067,30.825000000000003,2.5189265536723164,67.27041426494067,5.6,6.4,6.0,34.027833223342896
15.7,17.0,87.14999999999998,0.1641240542323418,87.31412405423232,34.637499999999996,2.5191948784722222,87.66049905423232,2.2,7.8,5.9,34.027833223342896
17.9,13.3,68.9125,1.0692615787557285,69.98176157875572,40.862500000000004,2.5192999566536627,70.39038657875572,7.1,5.9,5.9,34.027833223342896
16.6,14.5,42.125,10.484480984497143,52.60948098449714,38.375,2.5193939393939395,52.99323098449714,10.2,4.0,5.8,34.027833223342896
13.9,18.9,65.66250000000001,0.19598519664303427,65.85848519664304,41.412500000000016,2.5196714223951577,66.27261019664304,4.6,6.3,6.1,34.027833223342896
12.9,17.4,94.48749999999998,0.034486751206016006,94.521986751206,30.7375,2.5196783246977548,94.829361751206,1.9,8.3,5.9,34.027833223342896
13.2,13.4,68.23750000000001,0.14197961971268108,68.3794796197127,31.4,2.5192863303147908,68.69347961971269,3.4,6.5,5.8,34.027833223342896
16.8,11.0,79.2875,0.7022352405036952,79.98973524050369,39.6625,2.5190245478036175,80.38636024050369,7.8,6.7,5.9,34.027833223342896
15.4,12.9,50.550000000000004,3.314739199114002,53.864739199114005,60.900000000000006,2.518817204301075,54.47373919911401,8.1,5.4,6.0,34.027833223342896
13.5,15.0,57.400000000000006,1.1584955304798201,58.558495530479824,56.925000000000004,2.5186318728522332,59.12774553047982,6.0,5.6,6.0,34.027833223342896
13.0,15.0,55.1,0.09020090568283817,55.190200905682836,39.075,2.518393393393393,55.58095090568283,4.1,5.2,6.0,34.027833223342896
15.6,13.1,58.9125,1.4182244178574792,60.33072441785748,35.175,2.518230505569837,60.682474417857485,7.1,5.7,6.0,34.027833223342896
12.3,14.2,63.4,0.4046075700440782,63.80460757004408,42.75000000000001,2.5178326914848093,64.23210757004408,5.3,5.6,6.0,34.027833223342896
12.6,13.5,53.3625,0.30789288362546285,53.67039288362546,38.474999999999994,2.5173931623931627,54.05514288362546,4.8,5.1,6.0,34.027833223342896
19.4,12.3,65.5375,1.983963074198568,67.52146307419856,34.637499999999996,2.517552283397354,67.86783807419856,8.3,5.9,5.9,34.027833223342896
15.8,14.7,51.0,5.630265808557237,56.63026580855724,41.387499999999996,2.5175831202046037,57.04414080855724,9.4,4.8,5.9,34.027833223342896
13.3,18.2,79.39999999999999,0.07882717426423216,79.47882717426423,36.825,2.51772030651341,79.84707717426423,2.4,7.6,6.0,34.027833223342896
12.8,14.6,59.550000000000004,0.4091873281464508,59.959187328146456,51.237500000000004,2.517421343537415,60.471562328146454,4.9,5.4,6.1,34.027833223342896
16.1,13.4,75.89999999999999,0.44141709272251173,76.34141709272251,41.475,2.517346072186837,76.7561670927225,6.5,6.6,6.0,34.027833223342896
11.3,13.9,40.5625,0.3179581691502806,40.88045816915028,36.949999999999996,2.516815097540288,41.24995816915028,5.3,4.1,5.8,34.027833223342896
12.6,13.4,75.3375,0.18605211929606746,75.52355211929607,38.85000000000001,2.5163701821262174,75.91205211929606,2.9,6.3,6.0,34.027833223342896
17.3,10.3,63.5,2.307291419834714,65.80729141983471,34.93750000000001,2.5160956006768194,66.1566664198347,8.7,5.8,5.9,34.027833223342896
15.2,13.1,48.287499999999994,5.207750471951586,53.49525047195158,45.7375,2.5158956485002113,53.95262547195158,9.6,4.7,5.9,34.027833223342896
14.4,16.8,67.22500000000001,0.16567140389799107,67.390671403898,53.99999999999999,2.516002109704641,67.930671403898,4.3,6.2,6.0,34.027833223342896
18.8,15.1,67.12500000000001,1.4511339929332472,68.57613399293326,37.12499999999999,2.516392751790982,68.94738399293327,7.4,6.0,6.0,34.027833223342896
13.9,16.5,38.737500000000004,3.37169237903454,42.109192379034546,33.38750000000001,2.5164141414141414,42.443067379034545,8.3,3.9,6.1,34.027833223342896
9.4,18.7,69.91250000000001,0.014941279553569047,69.92744127955358,31.549999999999994,2.516193778898697,70.24294127955358,1.2,7.3,5.8,34.027833223342896
15.1,14.1,78.50000000000001,0.0753538845475805,78.5753538845476,34.1125,2.516089420654912,78.9164788845476,4.0,7.0,5.9,34.027833223342896
17.1,12.2,63.30000000000001,6.415079419231037,69.71507941923105,36.675000000000004,2.515995807127882,70.08182941923104,8.1,5.4,6.0,34.027833223342896
15.6,14.3,28.9125,12.537902321374752,41.45040232137475,35.550000000000004,2.515965242881072,41.80590232137475,11.1,3.9,6.0,34.027833223342896
13.9,19.4,69.7,0.3445126127187658,70.04451261271876,36.4375,2.5162902551233794,70.40888761271876,4.5,6.2,5.9,34.027833223342896
14.0,18.0,62.82500000000001,0.1148434795002206,62.93984347950023,43.58749999999999,2.5164786967418546,63.375718479500236,4.2,5.8,6.1,34.027833223342896
15.6,16.1,57.625,2.331208568692332,59.95620856869233,37.7875,2.516635377555277,60.334083568692336,8.9,5.6,5.9,34.027833223342896
12.1,19.1,87.13750000000002,0.032476863637376924,87.16997686363739,43.6625,2.516739583333334,87.6066018636374,1.4,7.7,6.1,34.027833223342896
11.7,14.4,53.012499999999996,0.7361355044514495,53.74863550445144,43.637499999999996,2.5163129421556394,54.18501050445144,4.5,5.3,5.9,34.027833223342896
16.9,13.0,62.5125,2.561614855162135,65.07411485516214,60.06250000000001,2.5162822111388197,65.67473985516213,7.7,5.1,5.9,34.027833223342896
18.5,14.8,51.6625,12.52902971563523,64.19152971563523,39.67500000000001,2.516604400166044,64.58827971563522,10.5,4.7,6.0,34.027833223342896
14.9,19.3,89.06250000000001,0.08985926446017854,89.15235926446019,41.62500000000001,2.517019071310116,89.56860926446019,3.1,7.5,6.0,34.027833223342896
19.4,16.4,64.86250000000001,1.7543002347959749,66.61680023479599,38.025000000000006,2.5175983436853,66.99705023479599,9.2,5.9,6.0,34.027833223342896
14.7,19.6,66.0,0.2691419891688389,66.26914198916884,49.425000000000004,2.5180210918114145,66.76339198916884,4.8,6.0,6.0,34.027833223342896
13.6,18.4,66.8125,0.3418878186683558,67.15438781866835,34.875,2.518205287071458,67.50313781866835,2.6,6.5,6.0,34.027833223342896
11.7,15.0,55.50000000000001,0.19153750286139617,55.6915375028614,43.050000000000004,2.5178424092409246,56.1220375028614,3.1,5.4,6.0,34.027833223342896
14.1,12.1,41.55,1.7937560405148902,43.34375604051489,48.362500000000004,2.5174289245982697,43.827381040514894,7.0,4.8,5.9,34.027833223342896
10.1,13.2,41.349999999999994,0.443699140389701,41.7936991403897,64.275,2.516718106995885,42.4364491403897,4.7,4.4,6.0,34.027833223342896
14.5,11.9,35.15,2.5310127398255933,37.68101273982559,65.10000000000001,2.5163275791204276,38.33201273982559,8.2,4.0,6.0,34.027833223342896
12.1,14.1,58.675,0.9649165592797324,59.639916559279726,36.949999999999996,2.515917487684729,60.00941655927973,5.1,5.6,5.8,34.027833223342896
13.6,13.4,81.65,0.17040012174655308,81.82040012174656,34.900000000000006,2.5155904059040592,82.16940012174656,2.4,7.6,6.2,34.027833223342896
15.7,9.6,32.3,8.610467296273349,40.910467296273346,41.175,2.51509009009009,41.322217296273344,9.3,4.0,6.0,34.027833223342896
9.9,12.9,14.849999999999996,1.397908000430299,16.247908000430296,72.28750000000001,2.5143353783231084,16.970783000430295,6.3,2.4,5.9,34.027833223342896
13.8,13.3,54.625000000000014,1.4206016548885254,56.04560165488854,47.85,2.5140216503267974,56.52410165488854,5.6,5.0,6.0,34.027833223342896
18.2,12.9,75.80000000000001,5.8698823112383804,81.6698823112384,31.637499999999996,2.5141166870665037,81.98625731123839,7.2,6.4,5.9,34.027833223342896
14.3,14.2,36.35,2.9754141049343183,39.32541410493432,40.137499999999996,2.513946617766911,39.72678910493432,9.4,4.0,6.1,34.027833223342896
9.8,17.5,34.4375,0.677830037118678,35.115330037118675,36.9875,2.5136548636548635,35.485205037118675,5.9,3.7,6.1,34.027833223342896
11.1,17.3,53.26250000000001,0.22702202943688127,53.48952202943689,30.525000000000006,2.5134756097560973,53.79477202943689,4.2,5.5,6.0,34.027833223342896
18.9,15.5,75.80000000000001,1.5245811347712637,77.32458113477128,36.55,2.5139058059277306,77.69008113477128,7.3,6.4,6.2,34.027833223342896
15.0,16.6,21.625,15.456721849449414,37.081721849449416,35.02499999999999,2.514051094890511,37.43197184944942,11.5,2.6,6.0,34.027833223342896
11.0,22.1,59.0125,0.0663392822041349,59.078839282204136,32.7,2.5143479141352776,59.405839282204134,2.2,6.5,6.0,34.027833223342896
12.8,18.3,92.6875,0.01780456069780009,92.7053045606978,30.15,2.5144417475728154,93.0068045606978,2.3,8.3,6.0,34.027833223342896
14.0,14.6,96.7125,0.22281964367691373,96.93531964367692,32.862500000000004,2.514282828282828,97.26394464367692,1.9,8.1,6.1,34.027833223342896
15.3,10.4,74.3125,1.9297397800242015,76.2422397800242,37.724999999999994,2.5138317191283295,76.61948978002421,6.2,6.5,6.0,34.027833223342896
11.7,10.6,46.725,1.5659632285994978,48.2909632285995,53.225,2.513039097138251,48.8232132285995,6.3,4.2,5.8,34.027833223342896
14.4,11.1,41.887499999999996,1.7440761977250328,43.63157619772503,65.16250000000001,2.512570450885668,44.283201197725035,8.1,3.9,5.9,34.027833223342896
17.6,13.3,68.9,2.5135434575885367,71.41354345758855,34.875,2.512645757941295,71.76229345758854,9.1,5.8,6.0,34.027833223342896
14.9,16.4,73.975,0.19530137084063304,74.17030137084063,36.375,2.5127610441767065,74.53405137084063,4.9,6.8,6.0,34.027833223342896
15.0,15.3,69.81250000000001,0.2916165653682334,70.10411656536824,37.35,2.512775772162054,70.47761656536825,4.7,6.5,6.0,34.027833223342896
11.1,14.0,15.412500000000001,8.957145574406782,24.369645574406782,40.4,2.5122696314102564,24.773645574406782,8.7,2.1,5.8,34.027833223342896
12.2,16.9,56.51250000000001,1.2794784056365989,57.791978405636605,45.775000000000006,2.5121648659463784,58.2497284056366,6.0,5.1,6.2,34.027833223342896
11.8,16.7,53.3625,0.08606293203008739,53.448562932030086,34.275,2.512000399680256,53.79131293203009,3.3,5.7,6.0,34.027833223342896
14.5,14.0,34.7875,3.3314384799860046,38.11893847998601,33.287499999999994,2.5118363273453097,38.45181347998601,7.9,4.1,5.9,34.027833223342896
10.6,16.0,52.65,0.0633445503765973,52.7133445503766,34.887499999999996,2.511483253588517,53.0622195503766,3.7,6.0,6.1,34.027833223342896
14.4,13.6,61.02499999999999,0.7449170927104373,61.76991709271043,50.30000000000001,2.511270410195142,62.27291709271043,6.2,5.8,5.8,34.027833223342896
15.0,14.0,79.57500000000002,0.3526920168701851,79.9276920168702,42.6625,2.511157517899761,80.3543170168702,4.3,7.2,5.9,34.027833223342896
15.1,12.4,42.325,3.1021242974556187,45.42712429745562,55.949999999999996,2.510895907826778,45.98662429745562,7.0,5.0,6.0,34.027833223342896
15.8,13.4,66.33750000000002,0.8300492729704997,67.16754927297052,51.42500000000001,2.5108035714285717,67.68179927297052,7.2,6.3,5.8,34.027833223342896
12.4,14.8,64.825,1.662041711789566,66.48704171178957,89.48750000000001,2.510513277843837,67.38191671178957,5.4,6.2,6.1,34.027833223342896
12.1,14.1,77.4625,0.007507255798820633,77.47000725579882,58.275,2.510124703087886,78.05275725579882,1.2,7.1,6.0,34.027833223342896
17.7,9.3,63.3,3.8970514969888668,67.19705149698886,54.5875,2.509816132858837,67.74292649698886,8.8,5.4,5.9,34.027833223342896
15.6,12.2,71.6125,1.706834452767844,73.31933445276785,52.5625,2.509587282780411,73.84495945276785,7.7,5.9,5.9,34.027833223342896
14.9,14.0,65.2,4.697925508643487,69.8979255086435,44.1,2.509467455621302,70.3389255086435,7.7,5.6,6.0,34.027833223342896
15.3,15.7,80.85,0.42158089593538606,81.27158089593539,40.1875,2.509554767533491,81.67345589593539,4.2,7.2,5.9,34.027833223342896
21.8,14.0,62.5,20.38049572674997,82.88049572674997,40.862500000000004,2.510114128295947,83.28912072674997,12.2,5.0,5.9,34.027833223342896
17.5,20.3,87.59999999999998,2.151090681659625,89.7510906816596,35.025,2.5108687106918244,90.10134068165961,5.7,7.2,6.0,34.027833223342896
15.2,20.0,80.8875,0.013353614987649455,80.90085361498765,32.775000000000006,2.511366313309776,81.22860361498765,1.4,7.5,6.0,34.027833223342896
18.6,15.4,75.1,3.6441201118291175,78.74412011182912,31.274999999999995,2.511745098039216,79.05687011182911,8.4,6.2,6.0,34.027833223342896
20.5,17.8,62.5,10.24560546414815,72.74560546414816,41.01250000000001,2.512544065804936,73.15573046414815,11.3,5.0,5.9,34.027833223342896
17.6,23.2,87.50000000000001,0.6232395787744969,88.12323957877452,28.712500000000002,2.513585680751174,88.41036457877452,5.4,7.0,5.9,34.027833223342896
15.7,22.7,100.89999999999999,0.0,100.89999999999999,31.962500000000006,2.514390386869871,101.219625,0.0,8.6,6.1,34.027833223342896
19.2,16.6,100.09999999999998,0.07716948729193293,100.17716948729192,32.4125,2.5149395003903203,100.50129448729191,2.3,8.2,6.1,34.027833223342896
22.3,12.8,38.3,24.653488511407406,62.9534885114074,35.5375,2.51541910331384,63.3088635114074,14.8,3.4,5.9,34.027833223342896
19.4,21.7,75.8,2.6546583584507806,78.45465835845077,37.6625,2.516481697819315,78.83128335845078,7.8,6.4,6.1,34.027833223342896
18.8,23.4,100.01249999999999,0.06422938632469115,100.07672938632469,28.862499999999997,2.5176487747957994,100.36535438632468,3.3,8.1,5.9,34.027833223342896
20.6,20.8,71.6125,5.557854803885727,77.17035480388573,33.375,2.5187354312354318,77.50410480388572,11.5,5.9,6.0,34.027833223342896
15.6,26.3,51.22500000000001,3.3155243811112745,54.54052438111128,38.1,2.5198680636398914,54.92152438111128,7.0,5.4,6.0,34.027833223342896
14.1,27.3,87.5125,0.008085295215169267,87.52058529521517,29.849999999999998,2.520949612403101,87.81908529521517,0.6,7.1,6.0,34.027833223342896
19.3,21.9,92.58749999999999,0.15352006843799745,92.74102006843799,28.725,2.5220092915214867,93.02827006843799,3.3,8.1,6.0,34.027833223342896
22.6,19.2,87.8375,4.809657045853922,92.64715704585393,31.499999999999993,2.523124516627997,92.96215704585393,7.7,7.3,6.0,34.027833223342896
18.0,20.9,65.5,5.242519450779789,70.7425194507798,45.3,2.523957126303592,71.1955194507798,9.2,6.2,6.0,34.027833223342896
14.0,24.1,69.0,0.6310879267736496,69.63108792677365,41.862500000000004,2.5247106481481483,70.04971292677365,5.9,6.0,6.1,34.027833223342896
14.4,23.9,94.71249999999999,0.0,94.71249999999999,35.4125,2.525481695568401,95.06662499999999,0.0,8.3,6.1,34.027833223342896
18.8,17.8,85.6875,0.45681844556210793,86.1443184455621,40.724999999999994,2.526087374903772,86.55156844556211,5.2,7.5,6.0,34.027833223342896
18.2,17.0,80.725,0.9786900330040985,81.7036900330041,40.35,2.526557093425606,82.10719003300409,8.2,6.8,6.0,34.027833223342896
15.6,19.2,61.912500000000016,0.9923962041385638,62.90489620413858,47.262499999999996,2.52698732718894,63.37752120413858,6.0,5.7,6.1,34.027833223342896
14.0,19.1,54.5875,1.7084225384074974,56.295922538407495,45.675,2.5272535481396243,56.752672538407495,6.1,5.3,6.0,34.027833223342896
12.9,19.2,96.6125,0.4130075262808299,97.02550752628083,52.6375,2.5274233716475103,97.55188252628083,2.8,7.9,5.9,34.027833223342896
9.2,16.1,60.33750000000001,0.02953356981948743,60.3670335698195,42.23750000000001,2.5269422120168388,60.7894085698195,2.2,6.3,6.1,34.027833223342896
11.9,12.2,45.5625,2.6286149777124,48.1911149777124,56.47500000000001,2.5263474770642205,48.755864977712406,6.6,4.5,6.0,34.027833223342896
10.5,12.8,48.275,0.13482750642507071,48.40982750642507,46.3625,2.525677739595266,48.87345250642507,3.7,5.2,6.1,34.027833223342896
14.1,10.4,37.8125,6.041844523230427,43.854344523230424,62.3375,2.5251239511823034,44.47771952323043,7.5,4.9,6.1,34.027833223342896
15.1,11.8,58.7625,3.030276984428372,61.79277698442837,60.95,2.5248,62.40227698442837,6.7,5.7,5.8,34.027833223342896
12.5,12.7,63.6375,0.21484330043637062,63.852343300436374,61.112500000000004,2.524315068493151,64.46346830043638,3.3,5.7,5.9,34.027833223342896
15.2,10.1,54.6,0.7177706142513235,55.31777061425132,35.762499999999996,2.523840744963892,55.67539561425132,7.1,5.4,5.9,34.027833223342896
18.4,11.3,47.4125,18.937666632647222,66.35016663264722,51.85000000000001,2.5237851176917236,66.86866663264722,12.4,4.3,5.6,34.027833223342896
17.0,18.1,77.70000000000002,0.7232581702442716,78.4232581702443,61.06249999999999,2.5242415623814933,79.0338831702443,5.3,6.6,6.1,34.027833223342896
14.9,17.3,72.50000000000001,1.4306386570500789,73.9306386570501,31.2875,2.5244223484848485,74.2435136570501,5.6,7.0,6.1,34.027833223342896
14.5,16.8,90.99999999999999,0.08214613768020848,91.0821461376802,36.400000000000006,2.5245175936435866,91.4461461376802,1.9,8.0,6.2,34.027833223342896
18.7,12.5,50.0125,18.824902404436862,68.83740240443686,42.7625,2.5246031746031745,69.26502740443686,11.5,4.1,6.1,34.027833223342896
13.3,17.9,65.2,0.09405149226910806,65.2940514922691,37.5625,2.5246885617214043,65.6696764922691,2.9,5.6,5.9,34.027833223342896
15.5,14.9,80.0875,0.19068344723845265,80.27818344723846,34.45,2.5246983408748114,80.62268344723846,5.1,7.1,6.2,34.027833223342896
13.7,13.8,63.175000000000004,0.968612373338721,64.14361237333873,42.824999999999996,2.524435028248587,64.57186237333873,5.7,5.6,6.0,34.027833223342896
12.7,13.5,48.262499999999996,0.46882907817301966,48.73132907817302,53.5625,2.524050037622272,49.26695407817302,4.1,5.1,6.1,34.027833223342896
19.3,11.5,71.60000000000001,1.3518040741809634,72.95180407418097,38.9,2.5240980834272824,73.34080407418097,6.7,6.4,5.8,34.027833223342896
15.1,12.4,42.925000000000004,3.714604875634332,46.63960487563433,46.35,2.5238363363363367,47.10310487563434,9.2,4.4,6.0,34.027833223342896
14.1,15.6,96.9125,0.051680423530069734,96.96418042353007,42.7375,2.5237814023247096,97.39155542353006,2.8,8.5,5.9,34.027833223342896
16.8,12.5,84.11250000000001,1.3280192740307912,85.4405192740308,52.78750000000001,2.5236891385767786,85.9683942740308,5.6,6.9,5.9,34.027833223342896
15.5,12.2,44.50000000000001,4.226581270813933,48.72658127081394,42.7375,2.5234474373363263,49.153956270813936,8.1,4.4,5.9,34.027833223342896
14.5,14.4,60.33750000000001,1.1567850925042058,61.49428509250422,42.3125,2.5233183856502244,61.91741009250422,5.9,6.3,6.1,34.027833223342896
12.6,14.2,62.14999999999999,0.8118149002202604,62.961814900220254,57.87500000000001,2.5229936543486375,63.540564900220254,5.4,5.8,5.8,34.027833223342896
12.0,13.8,61.5,0.039648373964059284,61.539648373964056,44.987500000000004,2.5225764354958984,61.989523373964055,2.3,6.6,5.9,34.027833223342896
14.1,10.2,65.3,0.4527835439398617,65.75278354393986,54.79999999999999,2.522020484171322,66.30078354393986,5.1,5.8,5.8,34.027833223342896
11.8,9.5,64.9375,0.22677152229825664,65.16427152229825,39.1125,2.521186755952381,65.55539652229825,4.2,6.5,5.7,34.027833223342896
12.2,8.0,34.237500000000004,2.2175309928285403,36.45503099282855,76.9875,2.5202526941657375,37.224905992828546,8.0,3.9,5.7,34.027833223342896
13.8,10.3,48.1625,0.8106301258204509,48.973130125820454,59.67500000000001,2.5196826280623608,49.569880125820454,6.1,4.9,5.8,34.027833223342896
18.3,10.6,69.7,1.3955810304074727,71.09558103040747,34.637499999999996,2.519558769002596,71.44195603040747,8.4,6.2,5.9,34.027833223342896
15.8,13.1,38.65,3.7283356042025315,42.37833560420253,70.95,2.519435185185185,43.08783560420253,9.3,3.8,6.0,34.027833223342896
15.4,16.4,46.025,0.733826819998674,46.758826819998674,48.2125,2.5195800961894195,47.24095181999868,6.1,5.2,5.9,34.027833223342896
15.1,16.6,60.68749999999999,0.8242063033672044,61.5117063033672,31.2125,2.519715447154472,61.8238313033672,8.1,5.5,6.1,34.027833223342896
12.8,18.6,68.3625,0.4354526778576331,68.79795267785764,36.0625,2.5198228128460687,69.15857767785764,3.9,6.3,5.9,34.027833223342896
14.4,16.6,100.29999999999998,0.015191252144720988,100.3151912521447,36.075,2.519893067846607,100.6759412521447,1.6,8.6,6.0,34.027833223342896
15.6,12.2,96.71249999999999,0.0462766295857824,96.75877662958577,36.075,2.519668508287293,97.11952662958576,2.3,8.1,6.0,34.027833223342896
18.6,8.5,75.0,4.744829741508559,79.74482974150855,57.20000000000002,2.519380058866814,80.31682974150856,8.3,6.0,5.8,34.027833223342896
13.1,11.0,34.55,6.761232395266327,41.31123239526632,107.05,2.518816611539875,42.381732395266326,8.6,3.4,5.6,34.027833223342896
16.1,14.0,75.9,0.5502966840314019,76.45029668403141,44.862500000000004,2.5188050660792953,76.89892168403142,5.3,6.6,6.1,34.027833223342896
19.3,13.2,40.5375,27.116603065395694,67.6541030653957,34.287499999999994,2.519013568023469,67.99697806539571,13.0,3.9,6.1,34.027833223342896
12.7,20.1,81.70000000000003,0.0,81.70000000000003,42.075,2.519249084249084,82.12075000000003,0.0,7.4,6.0,34.027833223342896
17.5,14.1,52.37500000000001,4.019051201630002,56.394051201630006,54.237500000000004,2.5193743139407245,56.936426201630006,7.5,5.0,6.1,34.027833223342896
15.8,15.5,51.3375,1.3085792199803503,52.64607921998035,58.675,2.519471856725146,53.23282921998035,7.4,5.1,6.2,34.027833223342896
15.4,16.7,66.7625,6.977223723299901,73.7397237232999,47.025,2.519642205184374,74.2099737232999,7.2,6.1,6.0,34.027833223342896
16.7,17.9,73.1875,1.1401322902341344,74.32763229023413,49.212500000000006,2.5200401167031368,74.81975729023414,5.2,6.5,6.1,34.027833223342896
18.6,17.0,79.2875,0.9914710186230343,80.27897101862303,35.8375,2.520528233151184,80.63734601862302,8.1,6.7,5.9,34.027833223342896
16.0,19.2,69.23750000000001,2.4505528504754865,71.6880528504755,36.675000000000004,2.520978893740902,72.0548028504755,5.4,6.1,6.0,34.027833223342896
16.6,18.6,80.85,0.7978846932075045,81.6478846932075,29.762500000000003,2.5214285714285714,81.9455096932075,5.4,7.2,5.9,34.027833223342896
16.2,18.1,79.26249999999999,0.3912247095850656,79.65372470958505,37.5,2.5217955700798838,80.02872470958505,3.9,7.1,6.0,34.027833223342896
16.6,16.0,80.1625,0.04645508478455738,80.20895508478455,36.087500000000006,2.5220076169749728,80.56983008478454,3.4,7.7,6.1,34.027833223342896
17.7,13.3,50.09999999999999,17.9610807398867,68.06108073988669,53.100000000000016,2.5220742753623187,68.5920807398867,11.7,4.2,6.0,34.027833223342896
14.5,19.0,73.18749999999999,0.22614568545028138,73.41364568545026,53.33750000000001,2.522366992399566,73.94702068545027,4.3,6.5,6.1,34.027833223342896
15.6,17.2,112.5,0.0,112.5,34.737500000000004,2.522595806218366,112.847375,0.0,9.0,6.1,34.027833223342896
20.9,11.1,63.4,8.718523562370876,72.11852356237088,40.20000000000001,2.5227518959913326,72.52052356237088,10.4,5.6,6.0,34.027833223342896
20.5,15.5,65.2,11.821541156698343,77.02154115669835,63.524999999999984,2.5232683982683985,77.65679115669835,10.6,5.6,6.0,34.027833223342896
14.9,20.1,87.49999999999999,0.5271611380732789,88.02716113807327,41.75,2.5236936936936933,88.44466113807327,4.7,7.0,5.8,34.027833223342896
15.1,19.0,92.6875,0.2657066002045918,92.9532066002046,31.5,2.5240370770338374,93.26820660020459,1.9,8.3,6.0,34.027833223342896
17.0,14.9,50.11249999999999,3.2238049710868353,53.336304971086825,32.775000000000006,2.5241819489392308,53.66405497108683,10.4,4.9,6.0,34.027833223342896
13.2,19.3,93.99999999999999,0.0064081352586806565,94.00640813525867,43.6625,2.5243803879310343,94.44303313525867,1.3,8.0,6.1,34.027833223342896
18.5,14.5,68.35,0.8480950008583544,69.19809500085834,41.637499999999996,2.5246232508073203,69.61447000085835,6.4,6.2,6.1,34.027833223342896
18.7,14.8,47.05,12.118380658560703,59.1683806585607,39.287499999999994,2.524910394265233,59.5612556585607,11.9,4.4,5.9,34.027833223342896
13.4,20.8,63.5125,0.9372637559675261,64.44976375596752,40.2,2.5252595775152167,64.85176375596753,5.1,6.5,6.0,34.027833223342896
10.7,19.9,46.81250000000001,0.044630787248954806,46.85713078724896,33.75,2.5252861230329042,47.19463078724896,2.2,6.1,6.0,34.027833223342896
12.1,16.1,34.45,4.222328642268195,38.6723286422682,35.325,2.5250982493747767,39.0255786422682,6.9,4.4,6.0,34.027833223342896
11.6,17.0,60.349999999999994,0.2977536497529724,60.647753649752964,36.900000000000006,2.524946466809422,61.016753649752964,4.2,5.8,6.0,34.027833223342896
14.6,15.2,84.2125,0.06856967710469775,84.28106967710471,37.6375,2.5249019607843137,84.6574446771047,3.7,7.1,5.9,34.027833223342896
13.9,13.0,55.6,0.39862963356742137,55.998629633567425,34.275,2.524599358974359,56.34137963356743,5.8,6.2,6.0,34.027833223342896
17.8,12.8,44.8,14.468307129073038,59.26830712907304,62.462500000000006,2.5246264674493064,59.89293212907304,12.3,4.4,5.9,34.027833223342896
14.6,19.2,76.2375,0.6635449810982506,76.90104498109825,46.9625,2.5249378109452736,77.37066998109825,4.4,6.9,6.1,34.027833223342896
18.3,17.5,93.89999999999999,1.6869118085394839,95.58691180853947,34.1875,2.5254259850905214,95.92878680853947,5.6,7.8,5.9,34.027833223342896
17.6,17.2,59.925000000000004,0.5331150164123968,60.4581150164124,37.9375,2.5258244680851067,60.8374900164124,6.8,5.4,5.9,34.027833223342896
16.7,18.1,82.2,0.8779652526009445,83.07796525260095,29.912499999999998,2.526222104144527,83.37709025260095,5.8,7.2,5.9,34.027833223342896
15.5,18.0,87.5125,0.16766520546859637,87.6801652054686,35.9125,2.526503892427459,88.0392902054686,3.8,7.1,5.9,34.027833223342896
16.9,15.9,87.8375,1.186094574002594,89.0235945740026,32.9875,2.5267232237539767,89.3534695740026,5.1,7.3,5.9,34.027833223342896
12.6,15.1,61.112500000000004,0.8898769342613349,62.00237693426134,39.375,2.5264918785310733,62.39612693426134,3.4,5.9,6.0,34.027833223342896
20.2,12.5,71.6125,2.183636524213872,73.79613652421386,36.949999999999996,2.5267019400352737,74.16563652421387,9.3,5.9,5.8,34.027833223342896
15.5,16.0,50.887499999999996,1.3193826363034173,52.20688263630341,36.85,2.52680584918957,52.57538263630341,8.9,5.1,6.2,34.027833223342896
12.3,18.7,69.9,0.15738268991941132,70.05738268991942,35.412499999999994,2.5268655403027105,70.41150768991942,3.4,6.6,6.1,34.027833223342896
13.9,16.0,60.487500000000004,0.5490065139638497,61.03650651396386,32.262499999999996,2.5268284106891703,61.35913151396386,4.8,6.3,6.1,34.027833223342896
16.0,14.7,88.4,0.571353305540897,88.9713533055409,37.35,2.5268616087109237,89.34485330554091,4.7,7.6,6.0,34.027833223342896
13.0,13.4,82.96249999999999,0.16035767657943137,83.12285767657943,40.1875,2.526517543859649,83.52473267657943,1.6,7.3,5.9,34.027833223342896
16.2,9.1,51.912499999999994,0.5923438112971235,52.50484381129712,53.46249999999999,2.5260778128286017,53.03946881129712,7.2,4.9,5.9,34.027833223342896
18.6,10.4,42.125,13.816619315606875,55.94161931560687,74.7125,2.5259628851540614,56.68874431560687,10.9,4.0,6.1,34.027833223342896
17.8,15.2,89.06250000000001,0.4847701384880172,89.54727013848803,39.06249999999999,2.5261979713186427,89.93789513848803,5.0,7.5,5.9,34.027833223342896
16.2,14.3,84.10000000000001,0.28041338824254547,84.38041338824256,40.05,2.5262141858839975,84.78091338824255,4.3,7.4,6.0,34.027833223342896
17.3,12.6,87.50000000000001,5.733441431019704,93.23344143101971,34.425000000000004,2.526178010471204,93.57769143101972,8.2,7.0,6.0,34.027833223342896
14.4,14.8,51.675000000000004,2.027428147426168,53.702428147426176,48.0625,2.5260808926080895,54.18305314742618,6.9,4.8,5.9,34.027833223342896
13.1,15.8,79.3875,0.06627910079874744,79.45377910079876,41.93750000000001,2.5259578544061303,79.87315410079876,2.8,6.9,6.1,34.027833223342896
14.0,12.5,75.1125,0.1312534757828248,75.24375347578282,36.9875,2.52562630480167,75.61362847578282,3.8,6.3,6.1,34.027833223342896
14.9,10.2,51.13749999999999,9.888512296437316,61.0260122964373,46.6625,2.525173792144595,61.4926372964373,8.3,4.7,6.1,34.027833223342896
15.8,12.4,70.4625,1.3770575956750994,71.8395575956751,48.1375,2.524991319444444,72.3209325956751,5.7,6.3,5.9,34.027833223342896
18.7,12.2,76.5625,3.0532985104434927,79.6157985104435,43.387499999999996,2.5250433576135967,80.0496735104435,7.8,6.5,5.7,34.027833223342896
15.1,14.3,62.8375,1.2917878080926017,64.1292878080926,50.0375,2.52496534996535,64.6296628080926,7.6,5.3,6.1,34.027833223342896
12.9,15.8,65.625,0.1782289433167765,65.80322894331678,40.4,2.524826929733472,66.20722894331678,4.5,6.0,5.8,34.027833223342896
19.6,14.5,62.5,9.345014737479062,71.84501473747906,40.05,2.525155601659751,72.24551473747906,10.8,5.0,6.0,34.027833223342896
18.8,19.3,106.39999999999998,0.08954745910099655,106.48954745910098,32.2625,2.5258290155440415,106.81217245910098,2.7,8.8,6.1,34.027833223342896
22.9,15.9,75.0,15.020738133651848,90.02073813365185,33.45000000000001,2.5265614216701175,90.35523813365185,11.8,6.0,6.0,34.027833223342896
17.2,21.7,65.625,0.8459241005774643,66.47092410057746,45.2375,2.527300930713547,66.92329910057747,7.9,6.0,6.1,34.027833223342896
14.1,23.5,72.28750000000001,0.19276126408273603,72.48026126408274,36.662499999999994,2.5279269972451788,72.84688626408274,2.0,7.1,5.9,34.027833223342896
16.2,19.6,72.4125,4.286044937470128,76.69854493747012,37.875,2.5283969728242175,77.07729493747011,6.6,6.3,6.0,34.027833223342896
12.4,20.2,73.4125,0.06432800377412323,73.47682800377412,34.887499999999996,2.5285910652920967,73.82570300377412,1.5,7.1,6.1,34.027833223342896
14.3,15.6,38.987500000000004,2.5650236832592057,41.55252368325921,31.63749999999999,2.5285530381050463,41.86889868325921,8.6,4.1,5.9,34.027833223342896
13.0,18.3,58.13750000000001,0.2423894252599101,58.37988942525992,45.35000000000001,2.5286351165980796,58.83338942525992,3.5,6.1,5.8,34.027833223342896
13.9,16.0,51.7,0.6753039527222104,52.37530395272221,57.825,2.528597122302158,52.95355395272221,5.4,5.0,6.0,34.027833223342896
17.0,15.4,71.3625,0.32255711575742974,71.68505711575743,34.12500000000001,2.5287731006160166,72.02630711575743,4.9,6.9,6.0,34.027833223342896
18.0,14.3,75.3375,0.7628115109139322,76.10031151091394,34.8625,2.528940170940171,76.44893651091394,7.3,6.3,5.9,34.027833223342896
18.1,15.7,65.2,4.201237862237683,69.40123786223768,42.52500000000001,2.529234972677595,69.82648786223768,9.2,5.6,6.0,34.027833223342896
19.5,18.9,59.45,7.7704378173722315,67.22043781737223,41.475,2.52992152848857,67.63518781737223,10.5,5.2,6.0,34.027833223342896
14.3,23.4,86.01250000000002,0.12985356704844805,86.14235356704846,27.137500000000003,2.5305470347648265,86.41372856704847,3.3,7.7,5.9,34.027833223342896
14.3,20.8,96.71249999999999,0.0,96.71249999999999,31.274999999999995,2.530949948927477,97.02524999999999,0.0,8.1,6.0,34.027833223342896
18.4,14.8,84.9125,0.2287147346445974,85.14121473464459,30.812499999999996,2.5311904761904764,85.4493397346446,5.0,7.3,5.9,34.027833223342896
19.1,13.9,84.11250000000001,3.1839839221209516,87.29648392212096,35.4625,2.5314135236153583,87.65110892212095,7.6,6.9,5.9,34.027833223342896
15.1,15.6,55.400000000000006,8.341356861750526,63.74135686175053,39.800000000000004,2.531440936863544,64.13935686175053,8.9,5.2,5.8,34.027833223342896
11.5,18.7,68.825,0.04462414930446321,68.86962414930447,39.525000000000006,2.531425907087148,69.26487414930448,2.3,7.0,6.0,34.027833223342896
14.8,15.0,68.55,0.15195456338996371,68.70195456338996,34.975,2.531377032520325,69.05170456338996,4.5,6.6,6.2,34.027833223342896
17.3,13.3,62.6,10.950738019291398,73.5507380192914,42.7625,2.5313959390862943,73.97836301929141,9.4,5.2,6.1,34.027833223342896
15.6,16.6,66.8,0.6938073678261535,67.49380736782615,51.9,2.531550033806626,68.01280736782616,5.8,5.8,6.0,34.027833223342896
12.8,16.4,31.325000000000003,4.942258070520487,36.26725807052049,38.4125,2.5314505234718,36.65138307052049,8.2,4.0,6.1,34.027833223342896
12.3,18.5,64.0875,0.09480685801774691,64.18230685801775,38.4,2.53148616734143,64.56630685801775,2.6,5.7,6.0,34.027833223342896
14.7,15.1,57.987500000000004,0.3844613835395561,58.37196138353956,34.362500000000004,2.5314374789349516,58.715586383539566,5.3,5.5,6.1,34.027833223342896
15.4,14.3,52.3625,1.1711527092603253,53.53365270926032,46.86250000000001,2.5313804713804715,54.002277709260326,6.8,4.9,5.9,34.027833223342896
12.4,15.2,65.53750000000001,1.2031438753881387,66.74064387538814,30.5875,2.531146989572822,67.04651887538814,5.3,5.9,5.9,34.027833223342896
11.7,14.6,88.1375,0.08334071130467778,88.22084071130467,41.775000000000006,2.5308047715053763,88.63859071130467,2.0,7.9,6.0,34.027833223342896
12.6,10.6,88.30000000000001,0.20051235371173406,88.50051235371174,45.4375,2.530203088284659,88.95488735371174,3.2,7.4,5.9,34.027833223342896
18.1,7.9,87.49999999999999,1.3806154510705586,88.88061545107054,69.15,2.5298373574782023,89.57211545107054,6.9,7.0,5.4,34.027833223342896
15.8,9.4,44.50000000000001,7.574926038957938,52.07492603895795,85.85000000000001,2.529405360134003,52.93342603895795,9.7,4.4,5.8,34.027833223342896
12.0,13.3,36.68749999999999,0.31701739389638084,37.00451739389637,60.75,2.5289825970548856,37.61201739389637,6.1,4.3,6.0,34.027833223342896
11.3,13.4,51.69999999999999,0.328707076328035,52.028707076328025,46.125,2.528510531594784,52.489957076328025,5.0,5.0,6.0,34.027833223342896
12.6,12.4,51.0,0.4517529532429473,51.451752953242945,38.89999999999999,2.5280644622578494,51.84075295324295,5.8,4.8,5.8,34.027833223342896
12.2,12.4,83.575,0.053662518580498544,83.6286625185805,43.725,2.527585919252586,84.0659125185805,2.4,7.4,6.0,34.027833223342896
13.4,8.8,51.76250000000001,2.270762984378441,54.03326298437845,58.38749999999999,2.5269083333333335,54.61713798437845,7.3,4.9,5.7,34.027833223342896
